3 hexa 5 5 gaussian
#n F(k) pH(k) pH(k+1) 
-1.29217 -0.96356 -1.04037 
-0.922433 -0.871094 -0.927756 
-0.541825 -0.786679 -0.811928 
-0.245318 -0.78035 -0.770588 
-0.0413294 -0.864445 -0.824716 
-0.851611 -0.507036 -0.589763 
-0.502095 -0.489013 -0.531516 
-0.235695 -0.530056 -0.530499 
-0.025766 -0.629764 -0.591634 
0.142744 -0.751507 -0.682826 
-0.478866 0.311381 0.221229 
-0.285706 0.160583 0.107328 
-0.0938531 -0.0485029 -0.056497 
0.120822 -0.203137 -0.166935 
0.394565 -0.287569 -0.205806 
-0.105383 0.785751 0.736793 
0.0710246 0.549213 0.535293 
0.38407 0.400381 0.429211 
0.866765 0.435081 0.509115 
1.32395 0.52384 0.642566 
-0.0735288 1.10688 1.06173 
0.0849627 0.939742 0.917504 
0.4826 0.837407 0.854575 
1.10796 0.939977 0.99296 
1.6956 1.09048 1.172 
