3						
#n	pH(k)	F(k)	pH(k+1)
  6.9146383e+000	  5.1892980e+002	  6.9749912e+000	
  6.9749912e+000	  5.1892980e+002	  7.0365640e+000	
  7.0365640e+000	  5.1892980e+002	  7.0995726e+000	
  7.0995726e+000	  5.1892980e+002	  7.1642814e+000	
  7.1642814e+000	  5.1892980e+002	  7.2310180e+000	
  7.2310180e+000	  5.1731292e+002	  7.2496129e+000	
  7.2496129e+000	  5.1731292e+002	  7.2668021e+000	
  7.2668021e+000	  5.1731292e+002	  7.2826417e+000	
  7.2826417e+000	  5.1731292e+002	  7.2971935e+000	
  7.2971935e+000	  5.1731292e+002	  7.3105236e+000	
  7.3105236e+000	  5.1731292e+002	  7.3227014e+000	
  7.3227014e+000	  5.1731292e+002	  7.3337979e+000	
  7.3337979e+000	  5.1731292e+002	  7.3438849e+000	
  7.3438849e+000	  5.1731292e+002	  7.3530337e+000	
  7.3530337e+000	  5.1731292e+002	  7.3613145e+000	
  7.3613145e+000	  5.1731292e+002	  7.3687952e+000	
  7.3687952e+000	  5.1731292e+002	  7.3755413e+000	
  7.3755413e+000	  5.1731292e+002	  7.3816152e+000	
  7.3816152e+000	  5.1731292e+002	  7.3870756e+000	
  7.3870756e+000	  5.1731292e+002	  7.3919781e+000	
  7.3919781e+000	  5.1731292e+002	  7.3963742e+000	
  7.3963742e+000	  5.1731292e+002	  7.4003118e+000	
  7.4003118e+000	  5.1731292e+002	  7.4038354e+000	
  7.4038354e+000	  5.1731292e+002	  7.4069856e+000	
  7.4069856e+000	  5.1731292e+002	  7.4097996e+000	
  7.4097996e+000	  5.1839110e+002	  7.4611372e+000	
  7.4611372e+000	  5.1839110e+002	  7.5123370e+000	
  7.5123370e+000	  5.1839110e+002	  7.5633714e+000	
  7.5633714e+000	  5.1865940e+002	  7.6328009e+000	
  7.6328009e+000	  5.1865940e+002	  7.7051120e+000	
  7.7051120e+000	  5.1865940e+002	  7.7808916e+000	
  7.7808916e+000	  5.1865940e+002	  7.8608699e+000	
  7.8608699e+000	  5.1836523e+002	  7.9059464e+000	
  7.9059464e+000	  5.1836523e+002	  7.9500202e+000	
  7.9500202e+000	  5.1836523e+002	  7.9929657e+000	
  7.9929657e+000	  5.1836523e+002	  8.0346509e+000	
  8.0346509e+000	  5.1836523e+002	  8.0749406e+000	
  8.0749406e+000	  5.1836523e+002	  8.1137011e+000	
  8.1137011e+000	  5.1836523e+002	  8.1508046e+000	
  8.1508046e+000	  5.1836523e+002	  8.1861349e+000	
  8.1861349e+000	  5.1836523e+002	  8.2195930e+000	
  8.2195930e+000	  5.1836523e+002	  8.2511017e+000	
  8.2511017e+000	  5.1836523e+002	  8.2806094e+000	
  8.2806094e+000	  5.1836523e+002	  8.3080924e+000	
  8.3080924e+000	  5.1836523e+002	  8.3335550e+000	
  8.3335550e+000	  5.1836523e+002	  8.3570284e+000	
  8.3570284e+000	  5.1836523e+002	  8.3785679e+000	
  8.3785679e+000	  5.1836523e+002	  8.3982492e+000	
  8.3982492e+000	  5.1836523e+002	  8.4161635e+000	
  8.4161635e+000	  5.1836523e+002	  8.4324137e+000	
  8.4324137e+000	  5.1836523e+002	  8.4471097e+000	
  8.4471097e+000	  5.1836523e+002	  8.4603650e+000	
  8.4603650e+000	  5.1836523e+002	  8.4722932e+000	
  8.4722932e+000	  5.1556469e+002	  7.8838538e+000	
  7.8838538e+000	  5.1556469e+002	  7.6510015e+000	
  7.6510015e+000	  5.1556469e+002	  7.5138689e+000	
  7.5138689e+000	  5.1556469e+002	  7.4201229e+000	
  7.4201229e+000	  5.1556469e+002	  7.3510026e+000	
  7.3510026e+000	  5.1556469e+002	  7.2976642e+000	
  7.2976642e+000	  5.1556469e+002	  7.2552381e+000	
  7.2552381e+000	  5.1556469e+002	  7.2207589e+000	
  7.2207589e+000	  5.1556469e+002	  7.1922881e+000	
  7.1922881e+000	  5.1556469e+002	  7.1684896e+000	
  7.1684896e+000	  5.1556469e+002	  7.1484047e+000	
  7.1484047e+000	  5.1556469e+002	  7.1313231e+000	
  7.1313231e+000	  5.1556469e+002	  7.1167043e+000	
  7.1167043e+000	  5.1831676e+002	  7.1666760e+000	
  7.1666760e+000	  5.1831676e+002	  7.2163772e+000	
  7.2163772e+000	  5.1831676e+002	  7.2657751e+000	
  7.2657751e+000	  5.1831676e+002	  7.3148328e+000	
  7.3148328e+000	  5.1831676e+002	  7.3635089e+000	
  7.3635089e+000	  5.1831676e+002	  7.4117575e+000	
  7.4117575e+000	  5.1831676e+002	  7.4595274e+000	
  7.4595274e+000	  5.1831676e+002	  7.5067621e+000	
  7.5067621e+000	  5.1831676e+002	  7.5533993e+000	
  7.5533993e+000	  5.1831676e+002	  7.5993709e+000	
  7.5993709e+000	  5.1831676e+002	  7.6446025e+000	
  7.6446025e+000	  5.1831676e+002	  7.6890143e+000	
  7.6890143e+000	  5.1804173e+002	  7.7087847e+000	
  7.7087847e+000	  5.1804173e+002	  7.7270919e+000	
  7.7270919e+000	  5.1804173e+002	  7.7439882e+000	
  7.7439882e+000	  5.1804173e+002	  7.7595328e+000	
  7.7595328e+000	  5.1804173e+002	  7.7737908e+000	
  7.7737908e+000	  5.1804173e+002	  7.7868311e+000	
  7.7868311e+000	  5.1804173e+002	  7.7987257e+000	
  7.7987257e+000	  5.1804173e+002	  7.8095480e+000	
  7.8095480e+000	  5.1625287e+002	  7.6592651e+000	
  7.6592651e+000	  5.1625287e+002	  7.5585656e+000	
  7.5585656e+000	  5.1625287e+002	  7.4851888e+000	
  7.4851888e+000	  5.1625287e+002	  7.4290005e+000	
  7.4290005e+000	  5.1625287e+002	  7.3845488e+000	
  7.3845488e+000	  5.1625287e+002	  7.3485673e+000	
  7.3485673e+000	  5.1625287e+002	  7.3189465e+000	
  7.3189465e+000	  5.1625287e+002	  7.2942462e+000	
  7.2942462e+000	  5.1625287e+002	  7.2734407e+000	
  7.2734407e+000	  5.1625287e+002	  7.2557743e+000	
  7.2557743e+000	  5.1625287e+002	  7.2406752e+000	
  7.2406752e+000	  5.1625287e+002	  7.2277006e+000	
  7.2277006e+000	  5.1625287e+002	  7.2165018e+000	
  7.2165018e+000	  5.1625287e+002	  7.2067993e+000	
  7.2067993e+000	  5.1625287e+002	  7.1983667e+000	
  7.1983667e+000	  5.1625287e+002	  7.1910177e+000	
  7.1910177e+000	  5.1625287e+002	  7.1845985e+000	
  7.1845985e+000	  5.1891004e+002	  7.2514486e+000	
  7.2514486e+000	  5.1891004e+002	  7.3207606e+000	
  7.3207606e+000	  5.1891004e+002	  7.3930647e+000	
  7.3930647e+000	  5.1891004e+002	  7.4690505e+000	
  7.4690505e+000	  5.1867939e+002	  7.5363196e+000	
  7.5363196e+000	  5.1867939e+002	  7.6060647e+000	
  7.6060647e+000	  5.1867939e+002	  7.6787837e+000	
  7.6787837e+000	  5.1867939e+002	  7.7551020e+000	
  7.7551020e+000	  5.1867939e+002	  7.8358092e+000	
  7.8358092e+000	  5.1867939e+002	  7.9219022e+000	
  7.9219022e+000	  5.1867939e+002	  8.0146214e+000	
  8.0146214e+000	  5.1867939e+002	  8.1154333e+000	
  8.1154333e+000	  5.1867939e+002	  8.2258270e+000	
  8.2258270e+000	  5.1867939e+002	  8.3465988e+000	
  8.3465988e+000	  5.1867939e+002	  8.4761485e+000	
  8.4761485e+000	  5.1867939e+002	  8.6082478e+000	
  8.6082478e+000	  5.1867939e+002	  8.7326915e+000	
  8.7326915e+000	  5.1867939e+002	  8.8409849e+000	
  8.8409849e+000	  5.1867939e+002	  8.9305477e+000	
  8.9305477e+000	  5.1867939e+002	  9.0031640e+000	
  9.0031640e+000	  5.1867939e+002	  9.0619798e+000	
  9.0619798e+000	  5.1824862e+002	  8.9778809e+000	
  8.9778809e+000	  5.1824862e+002	  8.8946190e+000	
  8.8946190e+000	  5.1824862e+002	  8.8145608e+000	
  8.8145608e+000	  5.1824862e+002	  8.7400566e+000	
  8.7400566e+000	  5.1824862e+002	  8.6728134e+000	
  8.6728134e+000	  5.1824862e+002	  8.6135758e+000	
  8.6135758e+000	  5.1824862e+002	  8.5622305e+000	
  8.5622305e+000	  5.1824862e+002	  8.5181298e+000	
  8.5181298e+000	  5.1824862e+002	  8.4803992e+000	
  8.4803992e+000	  5.1824862e+002	  8.4481371e+000	
  8.4481371e+000	  5.1824862e+002	  8.4205136e+000	
  8.4205136e+000	  5.1824862e+002	  8.3968061e+000	
  8.3968061e+000	  5.1824862e+002	  8.3764027e+000	
  8.3764027e+000	  5.1824862e+002	  8.3587923e+000	
  8.3587923e+000	  5.1824862e+002	  8.3435500e+000	
  8.3435500e+000	  5.1824862e+002	  8.3303228e+000	
  8.3303228e+000	  5.1824862e+002	  8.3188165e+000	
  8.3188165e+000	  5.1824862e+002	  8.3087855e+000	
  8.3087855e+000	  5.1824243e+002	  8.2982612e+000	
  8.2982612e+000	  5.1824243e+002	  8.2890775e+000	
  8.2890775e+000	  5.1824243e+002	  8.2810487e+000	
  8.2810487e+000	  5.1824243e+002	  8.2740177e+000	
  8.2740177e+000	  5.1824243e+002	  8.2678513e+000	
  8.2678513e+000	  5.1824243e+002	  8.2624363e+000	
  8.2624363e+000	  5.1824243e+002	  8.2576755e+000	
  8.2576755e+000	  5.1824243e+002	  8.2534855e+000	
  8.2534855e+000	  5.1728934e+002	  8.0458829e+000	
  8.0458829e+000	  5.1728934e+002	  7.9151116e+000	
  7.9151116e+000	  5.1728934e+002	  7.8237822e+000	
  7.8237822e+000	  5.1728934e+002	  7.7558181e+000	
  7.7558181e+000	  5.1728934e+002	  7.7031223e+000	
  7.7031223e+000	  5.1728934e+002	  7.6610942e+000	
  7.6610942e+000	  5.1728934e+002	  7.6268826e+000	
  7.6268826e+000	  5.1728934e+002	  7.5986037e+000	
  7.5986037e+000	  5.1728934e+002	  7.5749502e+000	
  7.5749502e+000	  5.1728934e+002	  7.5549797e+000	
  7.5549797e+000	  5.1728934e+002	  7.5379913e+000	
  7.5379913e+000	  5.1728934e+002	  7.5234505e+000	
  7.5234505e+000	  5.1728934e+002	  7.5109412e+000	
  7.5109412e+000	  5.1728934e+002	  7.5001340e+000	
  7.5001340e+000	  5.1728934e+002	  7.4907638e+000	
  7.4907638e+000	  5.1728934e+002	  7.4826150e+000	
  7.4826150e+000	  5.1837550e+002	  7.5328680e+000	
  7.5328680e+000	  5.1837550e+002	  7.5828395e+000	
  7.5828395e+000	  5.1837550e+002	  7.6324831e+000	
  7.6324831e+000	  5.1837550e+002	  7.6817445e+000	
  7.6817445e+000	  5.1837550e+002	  7.7305605e+000	
  7.7305605e+000	  5.1837550e+002	  7.7788577e+000	
  7.7788577e+000	  5.1837550e+002	  7.8265517e+000	
  7.8265517e+000	  5.1837550e+002	  7.8735459e+000	
  7.8735459e+000	  5.1837550e+002	  7.9197315e+000	
  7.9197315e+000	  5.1837550e+002	  7.9649872e+000	
  7.9649872e+000	  5.1837550e+002	  8.0091803e+000	
  8.0091803e+000	  5.1837550e+002	  8.0521687e+000	
  8.0521687e+000	  5.1837550e+002	  8.0938039e+000	
  8.0938039e+000	  5.1837550e+002	  8.1339356e+000	
  8.1339356e+000	  5.1837550e+002	  8.1724173e+000	
  8.1724173e+000	  5.1837550e+002	  8.2091127e+000	
  8.2091127e+000	  5.1837550e+002	  8.2439024e+000	
  8.2439024e+000	  5.1837550e+002	  8.2766901e+000	
  8.2766901e+000	  5.2489935e+002	  9.7143372e+000	
  9.7143372e+000	  5.2489935e+002	  1.0029009e+001	
  1.0029009e+001	  5.2489935e+002	  1.0192764e+001	
  1.0192764e+001	  5.2489935e+002	  1.0299453e+001	
  1.0299453e+001	  5.2489935e+002	  1.0376096e+001	
  1.0376096e+001	  5.2489935e+002	  1.0434271e+001	
  1.0434271e+001	  5.2489935e+002	  1.0480012e+001	
  1.0480012e+001	  5.2489935e+002	  1.0516866e+001	
  1.0516866e+001	  5.2489935e+002	  1.0547091e+001	
  1.0547091e+001	  5.2489935e+002	  1.0572216e+001	
  1.0572216e+001	  5.2489935e+002	  1.0593321e+001	
  1.0593321e+001	  5.2489935e+002	  1.0611197e+001	
  1.0611197e+001	  5.2489935e+002	  1.0626442e+001	
  1.0626442e+001	  5.2489935e+002	  1.0639514e+001	
  1.0639514e+001	  5.2489935e+002	  1.0650774e+001	
  1.0650774e+001	  5.2489935e+002	  1.0660511e+001	
  1.0660511e+001	  5.1896134e+002	  1.0614035e+001	
  1.0614035e+001	  5.1896134e+002	  1.0568193e+001	
  1.0568193e+001	  5.1896134e+002	  1.0523045e+001	
  1.0523045e+001	  5.1896134e+002	  1.0478656e+001	
  1.0478656e+001	  5.1896134e+002	  1.0435091e+001	
  1.0435091e+001	  5.1896134e+002	  1.0392422e+001	
  1.0392422e+001	  5.1896134e+002	  1.0350720e+001	
  1.0350720e+001	  5.1896134e+002	  1.0310057e+001	
  1.0310057e+001	  5.1896134e+002	  1.0270507e+001	
  1.0270507e+001	  5.1875170e+002	  1.0227106e+001	
  1.0227106e+001	  5.1875170e+002	  1.0184616e+001	
  1.0184616e+001	  5.1875170e+002	  1.0143111e+001	
  1.0143111e+001	  5.1875170e+002	  1.0102663e+001	
  1.0102663e+001	  5.1875170e+002	  1.0063347e+001	
  1.0063347e+001	  5.1875170e+002	  1.0025236e+001	
  1.0025236e+001	  5.1875170e+002	  9.9883996e+000	
  9.9883996e+000	  5.1875170e+002	  9.9529042e+000	
  9.9529042e+000	  5.1875170e+002	  9.9188109e+000	
  9.9188109e+000	  5.1875170e+002	  9.8861738e+000	
  9.8861738e+000	  5.1875170e+002	  9.8550388e+000	
  9.8550388e+000	  5.1875170e+002	  9.8254424e+000	
  9.8254424e+000	  5.1875170e+002	  9.7974106e+000	
  9.7974106e+000	  5.1875170e+002	  9.7709579e+000	
  9.7709579e+000	  5.1875170e+002	  9.7460874e+000	
  9.7460874e+000	  5.1866978e+002	  9.7164598e+000	
  9.7164598e+000	  5.1866978e+002	  9.6884095e+000	
  9.6884095e+000	  5.1857671e+002	  9.6536836e+000	
  9.6536836e+000	  5.1857671e+002	  9.6204365e+000	
  9.6204365e+000	  5.1857671e+002	  9.5887219e+000	
  9.5887219e+000	  5.1857671e+002	  9.5585836e+000	
  9.5585836e+000	  5.1857671e+002	  9.5300537e+000	
  9.5300537e+000	  5.1857671e+002	  9.5031520e+000	
  9.5031520e+000	  5.1857671e+002	  9.4778847e+000	
  9.4778847e+000	  5.1857671e+002	  9.4542450e+000	
  9.4542450e+000	  5.1857671e+002	  9.4322129e+000	
  9.4322129e+000	  5.1857671e+002	  9.4117557e+000	
  9.4117557e+000	  5.1857671e+002	  9.3928296e+000	
  9.3928296e+000	  5.1857671e+002	  9.3753810e+000	
  9.3753810e+000	  5.1857671e+002	  9.3593476e+000	
  9.3593476e+000	  5.1857671e+002	  9.3446607e+000	
  9.3446607e+000	  5.1857671e+002	  9.3312467e+000	
  9.3312467e+000	  5.1857671e+002	  9.3190289e+000	
  9.3190289e+000	  5.1857671e+002	  9.3079289e+000	
  9.3079289e+000	  5.1857671e+002	  9.2978681e+000	
  9.2978681e+000	  5.1857671e+002	  9.2887687e+000	
  9.2887687e+000	  5.1857671e+002	  9.2805551e+000	
  9.2805551e+000	  5.1857671e+002	  9.2731545e+000	
  9.2731545e+000	  5.1366593e+002	  7.9155559e+000	
  7.9155559e+000	  5.1366593e+002	  7.5418013e+000	
  7.5418013e+000	  5.1366593e+002	  7.3608771e+000	
  7.3608771e+000	  5.1366593e+002	  7.2459144e+000	
  7.2459144e+000	  5.1366593e+002	  7.1643308e+000	
  7.1643308e+000	  5.1366593e+002	  7.1028295e+000	
  7.1028295e+000	  5.1366593e+002	  7.0546701e+000	
  7.0546701e+000	  5.1366593e+002	  7.0159641e+000	
  7.0159641e+000	  5.1366593e+002	  6.9842644e+000	
  6.9842644e+000	  5.1366593e+002	  6.9579324e+000	
  6.9579324e+000	  5.1366593e+002	  6.9358175e+000	
  6.9358175e+000	  5.1366593e+002	  6.9170818e+000	
  6.9170818e+000	  5.1366593e+002	  6.9010970e+000	
  6.9010970e+000	  5.1366593e+002	  6.8873803e+000	
  6.8873803e+000	  5.1366593e+002	  6.8755537e+000	
  6.8755537e+000	  5.1366593e+002	  6.8653158e+000	
  6.8653158e+000	  5.1366593e+002	  6.8564235e+000	
  6.8564235e+000	  5.1366593e+002	  6.8486776e+000	
  6.8486776e+000	  5.1863855e+002	  6.9039561e+000	
  6.9039561e+000	  5.1863855e+002	  6.9596515e+000	
  6.9596515e+000	  5.1863855e+002	  7.0158251e+000	
  7.0158251e+000	  5.1863855e+002	  7.0725478e+000	
  7.0725478e+000	  5.1863855e+002	  7.1299021e+000	
  7.1299021e+000	  5.1863855e+002	  7.1879840e+000	
  7.1879840e+000	  5.1863855e+002	  7.2469061e+000	
  7.2469061e+000	  5.1863855e+002	  7.3068008e+000	
  7.3068008e+000	  5.1863855e+002	  7.3678252e+000	
  7.3678252e+000	  5.1863855e+002	  7.4301661e+000	
  7.4301661e+000	  5.1863855e+002	  7.4940474e+000	
  7.4940474e+000	  5.1863855e+002	  7.5597391e+000	
  7.5597391e+000	  5.1863855e+002	  7.6275684e+000	
  7.6275684e+000	  5.1863855e+002	  7.6979348e+000	
  7.6979348e+000	  5.1863855e+002	  7.7713270e+000	
  7.7713270e+000	  5.1863855e+002	  7.8483434e+000	
  7.8483434e+000	  5.1863855e+002	  7.9297099e+000	
  7.9297099e+000	  5.1863855e+002	  8.0162854e+000	
  8.0162854e+000	  5.1845173e+002	  8.0730227e+000	
  8.0730227e+000	  5.1845173e+002	  8.1295605e+000	
  8.1295605e+000	  5.1845173e+002	  8.1856457e+000	
  8.1856457e+000	  5.1845173e+002	  8.2409522e+000	
  8.2409522e+000	  5.1845173e+002	  8.2950835e+000	
  8.2950835e+000	  5.1845173e+002	  8.3475865e+000	
  8.3475865e+000	  5.1847424e+002	  8.4054678e+000	
  8.4054678e+000	  5.1847424e+002	  8.4608827e+000	
  8.4608827e+000	  5.1847424e+002	  8.5131522e+000	
  8.5131522e+000	  5.1847424e+002	  8.5617207e+000	
  8.5617207e+000	  5.1847424e+002	  8.6062215e+000	
  8.6062215e+000	  5.1847424e+002	  8.6465004e+000	
  8.6465004e+000	  5.1853181e+002	  8.7063075e+000	
  8.7063075e+000	  5.1853181e+002	  8.7592321e+000	
  8.7592321e+000	  5.1853181e+002	  8.8054375e+000	
  8.8054375e+000	  5.1745956e+002	  8.4247111e+000	
  8.4247111e+000	  5.1745956e+002	  8.1812670e+000	
  8.1812670e+000	  5.1745956e+002	  8.0303344e+000	
  8.0303344e+000	  5.1745956e+002	  7.9272820e+000	
  7.9272820e+000	  5.1745956e+002	  7.8518520e+000	
  7.8518520e+000	  5.1745956e+002	  7.7940524e+000	
  7.7940524e+000	  5.1745956e+002	  7.7483488e+000	
  7.7483488e+000	  5.1745956e+002	  7.7113859e+000	
  7.7113859e+000	  5.1745956e+002	  7.6809857e+000	
  7.6809857e+000	  5.1745956e+002	  7.6556586e+000	
  7.6556586e+000	  5.1577238e+002	  7.5283350e+000	
  7.5283350e+000	  5.1577238e+002	  7.4398134e+000	
  7.4398134e+000	  5.1577238e+002	  7.3739158e+000	
  7.3739158e+000	  5.2245464e+002	  7.6559708e+000	
  7.6559708e+000	  5.2245464e+002	  8.3209070e+000	
  8.3209070e+000	  5.2245464e+002	  9.4830956e+000	
  9.4830956e+000	  5.2245464e+002	  9.8116708e+000	
  9.8116708e+000	  5.2245464e+002	  9.9802822e+000	
  9.9802822e+000	  5.2245464e+002	  1.0089424e+001	
  1.0089424e+001	  5.2245464e+002	  1.0167554e+001	
  1.0167554e+001	  5.2245464e+002	  1.0226732e+001	
  1.0226732e+001	  5.1848277e+002	  1.0177020e+001	
  1.0177020e+001	  5.1848277e+002	  1.0127606e+001	
  1.0127606e+001	  5.1848277e+002	  1.0078528e+001	
  1.0078528e+001	  5.1848277e+002	  1.0029827e+001	
  1.0029827e+001	  5.1848277e+002	  9.9815476e+000	
  9.9815476e+000	  5.1848277e+002	  9.9337422e+000	
  9.9337422e+000	  5.1848277e+002	  9.8864670e+000	
  9.8864670e+000	  5.1848277e+002	  9.8397841e+000	
  9.8397841e+000	  5.1848277e+002	  9.7937616e+000	
  9.7937616e+000	  5.1848277e+002	  9.7484738e+000	
  9.7484738e+000	  5.1848277e+002	  9.7040007e+000	
  9.7040007e+000	  5.1848277e+002	  9.6604278e+000	
  9.6604278e+000	  5.1848277e+002	  9.6178456e+000	
  9.6178456e+000	  5.1848277e+002	  9.5763486e+000	
  9.5763486e+000	  5.1848277e+002	  9.5360338e+000	
  9.5360338e+000	  5.1848277e+002	  9.4969988e+000	
  9.4969988e+000	  5.1848277e+002	  9.4593397e+000	
  9.4593397e+000	  5.1848277e+002	  9.4231486e+000	
  9.4231486e+000	  5.1848277e+002	  9.3885106e+000	
  9.3885106e+000	  5.1848277e+002	  9.3555011e+000	
  9.3555011e+000	  5.1848277e+002	  9.3241826e+000	
  9.3241826e+000	  5.1848277e+002	  9.2946030e+000	
  9.2946030e+000	  5.1878635e+002	  9.3258032e+000	
  9.3258032e+000	  5.1878635e+002	  9.3518919e+000	
  9.3518919e+000	  5.1878635e+002	  9.3738996e+000	
  9.3738996e+000	  5.1878635e+002	  9.3926006e+000	
  9.3926006e+000	  5.1878635e+002	  9.4085883e+000	
  9.4085883e+000	  5.1878635e+002	  9.4223259e+000	
  9.4223259e+000	  5.1878635e+002	  9.4341808e+000	
  9.4341808e+000	  5.1878635e+002	  9.4444482e+000	
  9.4444482e+000	  5.1878635e+002	  9.4533682e+000	
  9.4533682e+000	  5.1878635e+002	  9.4611382e+000	
  9.4611382e+000	  5.1878635e+002	  9.4679220e+000	
  9.4679220e+000	  5.1878635e+002	  9.4738562e+000	
  9.4738562e+000	  5.1878635e+002	  9.4790562e+000	
  9.4790562e+000	  5.1878635e+002	  9.4836196e+000	
  9.4836196e+000	  5.1878635e+002	  9.4876294e+000	
  9.4876294e+000	  5.1878635e+002	  9.4911568e+000	
  9.4911568e+000	  5.1878635e+002	  9.4942628e+000	
  9.4942628e+000	  5.1878635e+002	  9.4970002e+000	
  9.4970002e+000	  5.1878635e+002	  9.4994145e+000	
  9.4994145e+000	  5.1878635e+002	  9.5015452e+000	
  9.5015452e+000	  5.1878635e+002	  9.5034267e+000	
  9.5034267e+000	  5.1878635e+002	  9.5050891e+000	
  9.5050891e+000	  5.1956967e+002	  9.5948235e+000	
  9.5948235e+000	  5.1956967e+002	  9.6617134e+000	
  9.6617134e+000	  5.1956967e+002	  9.7136369e+000	
  9.7136369e+000	  5.1956967e+002	  9.7550821e+000	
  9.7550821e+000	  5.1956967e+002	  9.7888372e+000	
  9.7888372e+000	  5.1956967e+002	  9.8167484e+000	
  9.8167484e+000	  5.1956967e+002	  9.8400991e+000	
  9.8400991e+000	  5.1680077e+002	  9.6678392e+000	
  9.6678392e+000	  5.1680077e+002	  9.4261511e+000	
  9.4261511e+000	  5.1680077e+002	  9.0084912e+000	
  9.0084912e+000	  5.1680077e+002	  8.3703467e+000	
  8.3703467e+000	  5.1680077e+002	  8.0234329e+000	
  8.0234329e+000	  5.1680077e+002	  7.8411082e+000	
  7.8411082e+000	  5.1680077e+002	  7.7242850e+000	
  7.7242850e+000	  5.1680077e+002	  7.6413462e+000	
  7.6413462e+000	  5.1680077e+002	  7.5788868e+000	
  7.5788868e+000	  5.1680077e+002	  7.5300391e+000	
  7.5300391e+000	  5.1680077e+002	  7.4908283e+000	
  7.4908283e+000	  5.1680077e+002	  7.4587522e+000	
  7.4587522e+000	  5.1680077e+002	  7.4321354e+000	
  7.4321354e+000	  5.1680077e+002	  7.4098030e+000	
  7.4098030e+000	  5.1680077e+002	  7.3909000e+000	
  7.3909000e+000	  5.1680077e+002	  7.3747860e+000	
  7.3747860e+000	  5.1680077e+002	  7.3609695e+000	
  7.3609695e+000	  5.1680077e+002	  7.3490658e+000	
  7.3490658e+000	  5.1680077e+002	  7.3387687e+000	
  7.3387687e+000	  5.1680077e+002	  7.3298312e+000	
  7.3298312e+000	  5.1680077e+002	  7.3220513e+000	
  7.3220513e+000	  5.1806739e+002	  7.3610574e+000	
  7.3610574e+000	  5.1806739e+002	  7.3988419e+000	
  7.3988419e+000	  5.1806739e+002	  7.4353354e+000	
  7.4353354e+000	  5.1806739e+002	  7.4704730e+000	
  7.4704730e+000	  5.1806739e+002	  7.5041952e+000	
  7.5041952e+000	  5.1806739e+002	  7.5364498e+000	
  7.5364498e+000	  5.1806739e+002	  7.5671931e+000	
  7.5671931e+000	  5.1806739e+002	  7.5963913e+000	
  7.5963913e+000	  5.1806739e+002	  7.6240209e+000	
  7.6240209e+000	  5.1806739e+002	  7.6500703e+000	
  7.6500703e+000	  5.1806739e+002	  7.6745393e+000	
  7.6745393e+000	  5.1806739e+002	  7.6974396e+000	
  7.6974396e+000	  5.1806739e+002	  7.7187944e+000	
  7.7187944e+000	  5.1806739e+002	  7.7386373e+000	
  7.7386373e+000	  5.1806739e+002	  7.7570122e+000	
  7.7570122e+000	  5.1806739e+002	  7.7739709e+000	
  7.7739709e+000	  5.1837252e+002	  7.8214082e+000	
  7.8214082e+000	  5.1837252e+002	  7.8681261e+000	
  7.8681261e+000	  5.1837252e+002	  7.9140165e+000	
  7.9140165e+000	  5.1837252e+002	  7.9589598e+000	
  7.9589598e+000	  5.1837252e+002	  8.0028256e+000	
  8.0028256e+000	  5.1837252e+002	  8.0454751e+000	
  8.0454751e+000	  5.1837252e+002	  8.0867641e+000	
  8.0867641e+000	  5.1837252e+002	  8.1265472e+000	
  8.1265472e+000	  5.1837252e+002	  8.1646832e+000	
  8.1646832e+000	  5.1837252e+002	  8.2010416e+000	
  8.2010416e+000	  5.1837252e+002	  8.2355084e+000	
  8.2355084e+000	  5.1837252e+002	  8.2679924e+000	
  8.2679924e+000	  5.1837252e+002	  8.2984293e+000	
  8.2984293e+000	  5.1837252e+002	  8.3267852e+000	
  8.3267852e+000	  5.1837252e+002	  8.3530568e+000	
  8.3530568e+000	  5.1783705e+002	  8.2251260e+000	
  8.2251260e+000	  5.1783705e+002	  8.1320419e+000	
  8.1320419e+000	  5.1783705e+002	  8.0617067e+000	
  8.0617067e+000	  5.1783705e+002	  8.0068439e+000	
  8.0068439e+000	  5.1783705e+002	  7.9629873e+000	
  7.9629873e+000	  5.1783705e+002	  7.9272637e+000	
  7.9272637e+000	  5.1783705e+002	  7.8977370e+000	
  7.8977370e+000	  5.1783705e+002	  7.8730500e+000	
  7.8730500e+000	  5.1783705e+002	  7.8522182e+000	
  7.8522182e+000	  5.1783705e+002	  7.8345075e+000	
  7.8345075e+000	  5.1783705e+002	  7.8193575e+000	
  7.8193575e+000	  5.1783705e+002	  7.8063315e+000	
  7.8063315e+000	  5.1783705e+002	  7.7950838e+000	
  7.7950838e+000	  5.1783705e+002	  7.7853365e+000	
  7.7853365e+000	  5.1783705e+002	  7.7768635e+000	
  7.7768635e+000	  5.1783705e+002	  7.7694790e+000	
  7.7694790e+000	  5.1783705e+002	  7.7630286e+000	
  7.7630286e+000	  5.1783705e+002	  7.7573833e+000	
  7.7573833e+000	  5.1783705e+002	  7.7524343e+000	
  7.7524343e+000	  5.1783705e+002	  7.7480894e+000	
  7.7480894e+000	  5.1816426e+002	  7.7750911e+000	
  7.7750911e+000	  5.1816426e+002	  7.8004895e+000	
  7.8004895e+000	  5.1816426e+002	  7.8242898e+000	
  7.8242898e+000	  5.1816426e+002	  7.8465095e+000	
  7.8465095e+000	  5.1816426e+002	  7.8671776e+000	
  7.8671776e+000	  5.1816426e+002	  7.8863341e+000	
  7.8863341e+000	  5.1816426e+002	  7.9040286e+000	
  7.9040286e+000	  5.1816426e+002	  7.9203188e+000	
  7.9203188e+000	  5.1816426e+002	  7.9352693e+000	
  7.9352693e+000	  5.1816426e+002	  7.9489495e+000	
  7.9489495e+000	  5.1816426e+002	  7.9614325e+000	
  7.9614325e+000	  5.1816426e+002	  7.9727936e+000	
  7.9727936e+000	  5.1816426e+002	  7.9831085e+000	
  7.9831085e+000	  5.1816426e+002	  7.9924528e+000	
  7.9924528e+000	  5.1816426e+002	  8.0009003e+000	
  8.0009003e+000	  5.1837857e+002	  8.0446657e+000	
  8.0446657e+000	  5.1837857e+002	  8.0871378e+000	
  8.0871378e+000	  5.1837857e+002	  8.1281612e+000	
  8.1281612e+000	  5.1837857e+002	  8.1675817e+000	
  8.1675817e+000	  5.1837857e+002	  8.2052527e+000	
  8.2052527e+000	  5.1837857e+002	  8.2410422e+000	
  8.2410422e+000	  5.1837857e+002	  8.2748400e+000	
  8.2748400e+000	  5.1837857e+002	  8.3065633e+000	
  8.3065633e+000	  5.1837857e+002	  8.3361611e+000	
  8.3361611e+000	  5.1837857e+002	  8.3636158e+000	
  8.3636158e+000	  5.1837857e+002	  8.3889430e+000	
  8.3889430e+000	  5.1837857e+002	  8.4121886e+000	
  8.4121886e+000	  5.1782790e+002	  8.2647411e+000	
  8.2647411e+000	  5.1782790e+002	  8.1592313e+000	
  8.1592313e+000	  5.1782790e+002	  8.0807799e+000	
  8.0807799e+000	  5.1782790e+002	  8.0203455e+000	
  8.0203455e+000	  5.1782790e+002	  7.9724878e+000	
  7.9724878e+000	  5.1782790e+002	  7.9337834e+000	
  7.9337834e+000	  5.1782790e+002	  7.9019705e+000	
  7.9019705e+000	  5.1782790e+002	  7.8754883e+000	
  7.8754883e+000	  5.1782790e+002	  7.8532201e+000	
  7.8532201e+000	  5.1782790e+002	  7.8343424e+000	
  7.8343424e+000	  5.1782790e+002	  7.8182319e+000	
  7.8182319e+000	  5.1782790e+002	  7.8044073e+000	
  7.8044073e+000	  5.1782790e+002	  7.7924895e+000	
  7.7924895e+000	  5.1782790e+002	  7.7821758e+000	
  7.7821758e+000	  5.1782790e+002	  7.7732211e+000	
  7.7732211e+000	  5.1782790e+002	  7.7654245e+000	
  7.7654245e+000	  5.2035291e+002	  8.0940092e+000	
  8.0940092e+000	  5.2035291e+002	  8.7778423e+000	
  8.7778423e+000	  5.2035291e+002	  9.3269426e+000	
  9.3269426e+000	  5.2035291e+002	  9.5665911e+000	
  9.5665911e+000	  5.2035291e+002	  9.7073712e+000	
  9.7073712e+000	  5.2035291e+002	  9.8031798e+000	
  9.8031798e+000	  5.2035291e+002	  9.8735715e+000	
  9.8735715e+000	  5.2035291e+002	  9.9277418e+000	
  9.9277418e+000	  5.2035291e+002	  9.9707341e+000	
  9.9707341e+000	  5.2035291e+002	  1.0005608e+001	
  1.0005608e+001	  5.2035291e+002	  1.0034359e+001	
  1.0034359e+001	  5.2035291e+002	  1.0058358e+001	
  1.0058358e+001	  5.2035291e+002	  1.0078585e+001	
  1.0078585e+001	  5.2035291e+002	  1.0095767e+001	
  1.0095767e+001	  5.2035291e+002	  1.0110455e+001	
  1.0110455e+001	  5.2035291e+002	  1.0123076e+001	
  1.0123076e+001	  5.1832550e+002	  1.0068593e+001	
  1.0068593e+001	  5.1832550e+002	  1.0013810e+001	
  1.0013810e+001	  5.1832550e+002	  9.9586943e+000	
  9.9586943e+000	  5.1832550e+002	  9.9032079e+000	
  9.9032079e+000	  5.1832550e+002	  9.8473109e+000	
  9.8473109e+000	  5.1832550e+002	  9.7909611e+000	
  9.7909611e+000	  5.1832550e+002	  9.7341154e+000	
  9.7341154e+000	  5.1832550e+002	  9.6767306e+000	
  9.6767306e+000	  5.1832550e+002	  9.6187670e+000	
  9.6187670e+000	  5.1832550e+002	  9.5601918e+000	
  9.5601918e+000	  5.2066910e+002	  9.7278974e+000	
  9.7278974e+000	  5.2066910e+002	  9.8370398e+000	
  9.8370398e+000	  5.2066910e+002	  9.9153104e+000	
  9.9153104e+000	  5.2066910e+002	  9.9746438e+000	
  9.9746438e+000	  5.2066910e+002	  1.0021255e+001	
  1.0021255e+001	  5.2066910e+002	  1.0058789e+001	
  1.0058789e+001	  5.2066910e+002	  1.0089563e+001	
  1.0089563e+001	  5.2066910e+002	  1.0115141e+001	
  1.0115141e+001	  5.2066910e+002	  1.0136628e+001	
  1.0136628e+001	  5.2066910e+002	  1.0154830e+001	
  1.0154830e+001	  5.2066910e+002	  1.0170355e+001	
  1.0170355e+001	  5.2066910e+002	  1.0183672e+001	
  1.0183672e+001	  5.2066910e+002	  1.0195148e+001	
  1.0195148e+001	  5.2066910e+002	  1.0205076e+001	
  1.0205076e+001	  5.2066910e+002	  1.0213692e+001	
  1.0213692e+001	  5.2066910e+002	  1.0221191e+001	
  1.0221191e+001	  5.2066910e+002	  1.0227734e+001	
  1.0227734e+001	  5.2066910e+002	  1.0233454e+001	
  1.0233454e+001	  5.2066910e+002	  1.0238463e+001	
  1.0238463e+001	  5.2066910e+002	  1.0242857e+001	
  1.0242857e+001	  5.2066910e+002	  1.0246715e+001	
  1.0246715e+001	  5.1809500e+002	  1.0186734e+001	
  1.0186734e+001	  5.1809500e+002	  1.0125583e+001	
  1.0125583e+001	  5.1809500e+002	  1.0063063e+001	
  1.0063063e+001	  5.1809500e+002	  9.9989353e+000	
  9.9989353e+000	  5.1809500e+002	  9.9329050e+000	
  9.9329050e+000	  5.1809500e+002	  9.8646103e+000	
  9.8646103e+000	  5.1809500e+002	  9.7935997e+000	
  9.7935997e+000	  5.1809500e+002	  9.7193038e+000	
  9.7193038e+000	  5.1809500e+002	  9.6409974e+000	
  9.6409974e+000	  5.1809500e+002	  9.5577475e+000	
  9.5577475e+000	  5.1809500e+002	  9.4683511e+000	
  9.4683511e+000	  5.1809500e+002	  9.3712718e+000	
  9.3712718e+000	  5.1809500e+002	  9.2646390e+000	
  9.2646390e+000	  5.1809500e+002	  9.1465037e+000	
  9.1465037e+000	  5.1809500e+002	  9.0158776e+000	
  9.0158776e+000	  5.1809500e+002	  8.8753252e+000	
  8.8753252e+000	  5.2358631e+002	  9.7246959e+000	
  9.7246959e+000	  5.2358631e+002	  9.9809342e+000	
  9.9809342e+000	  5.2358631e+002	  1.0125843e+001	
  1.0125843e+001	  5.2358631e+002	  1.0223309e+001	
  1.0223309e+001	  5.2358631e+002	  1.0294524e+001	
  1.0294524e+001	  5.2358631e+002	  1.0349153e+001	
  1.0349153e+001	  5.2358631e+002	  1.0392417e+001	
  1.0392417e+001	  5.2358631e+002	  1.0427455e+001	
  1.0427455e+001	  5.2358631e+002	  1.0456306e+001	
  1.0456306e+001	  5.2358631e+002	  1.0480362e+001	
  1.0480362e+001	  5.2358631e+002	  1.0500619e+001	
  1.0500619e+001	  5.2358631e+002	  1.0517812e+001	
  1.0517812e+001	  5.2358631e+002	  1.0532499e+001	
  1.0532499e+001	  5.2358631e+002	  1.0545111e+001	
  1.0545111e+001	  5.2358631e+002	  1.0555988e+001	
  1.0555988e+001	  5.2358631e+002	  1.0565404e+001	
  1.0565404e+001	  5.2358631e+002	  1.0573580e+001	
  1.0573580e+001	  5.2358631e+002	  1.0580699e+001	
  1.0580699e+001	  5.2358631e+002	  1.0586911e+001	
  1.0586911e+001	  5.2509412e+002	  1.0607709e+001	
  1.0607709e+001	  5.2509412e+002	  1.0625335e+001	
  1.0625335e+001	  5.2509412e+002	  1.0640374e+001	
  1.0640374e+001	  5.2509412e+002	  1.0653274e+001	
  1.0653274e+001	  5.2509412e+002	  1.0664391e+001	
  1.0664391e+001	  5.2509412e+002	  1.0674006e+001	
  1.0674006e+001	  5.2509412e+002	  1.0682349e+001	
  1.0682349e+001	  5.2509412e+002	  1.0689608e+001	
  1.0689608e+001	  5.1376020e+002	  1.0591879e+001	
  1.0591879e+001	  5.1376020e+002	  1.0481717e+001	
  1.0481717e+001	  5.1376020e+002	  1.0353111e+001	
  1.0353111e+001	  5.1376020e+002	  1.0194541e+001	
  1.0194541e+001	  5.1376020e+002	  9.9792347e+000	
  9.9792347e+000	  5.1376020e+002	  9.6155636e+000	
  9.6155636e+000	  5.1376020e+002	  8.3885512e+000	
  8.3885512e+000	  5.1376020e+002	  7.6845733e+000	
  7.6845733e+000	  5.1376020e+002	  7.4433702e+000	
  7.4433702e+000	  5.1376020e+002	  7.3036033e+000	
  7.3036033e+000	  5.1376020e+002	  7.2085758e+000	
  7.2085758e+000	  5.1878743e+002	  7.2724322e+000	
  7.2724322e+000	  5.1878743e+002	  7.3381419e+000	
  7.3381419e+000	  5.1878743e+002	  7.4060646e+000	
  7.4060646e+000	  5.1878743e+002	  7.4766525e+000	
  7.4766525e+000	  5.1878743e+002	  7.5504824e+000	
  7.5504824e+000	  5.1878743e+002	  7.6283023e+000	
  7.6283023e+000	  5.1878743e+002	  7.7110997e+000	
  7.7110997e+000	  5.1878743e+002	  7.8002029e+000	
  7.8002029e+000	  5.1597383e+002	  7.6331049e+000	
  7.6331049e+000	  5.1597383e+002	  7.5242262e+000	
  7.5242262e+000	  5.1597383e+002	  7.4460564e+000	
  7.4460564e+000	  5.1597383e+002	  7.3867401e+000	
  7.3867401e+000	  5.1597383e+002	  7.3400996e+000	
  7.3400996e+000	  5.1597383e+002	  7.3025103e+000	
  7.3025103e+000	  5.1597383e+002	  7.2716659e+000	
  7.2716659e+000	  5.1597383e+002	  7.2460089e+000	
  7.2460089e+000	  5.1597383e+002	  7.2244394e+000	
  7.2244394e+000	  5.1597383e+002	  7.2061528e+000	
  7.2061528e+000	  5.1597383e+002	  7.1905431e+000	
  7.1905431e+000	  5.1597383e+002	  7.1771437e+000	
  7.1771437e+000	  5.2393455e+002	  7.4220788e+000	
  7.4220788e+000	  5.2393455e+002	  7.8989409e+000	
  7.8989409e+000	  5.2393455e+002	  9.4179866e+000	
  9.4179866e+000	  5.2393455e+002	  9.8740218e+000	
  9.8740218e+000	  5.2393455e+002	  1.0073129e+001	
  1.0073129e+001	  5.2393455e+002	  1.0195775e+001	
  1.0195775e+001	  5.1694909e+002	  1.0099147e+001	
  1.0099147e+001	  5.1694909e+002	  9.9907201e+000	
  9.9907201e+000	  5.1694909e+002	  9.8650475e+000	
  9.8650475e+000	  5.1694909e+002	  9.7120975e+000	
  9.7120975e+000	  5.1694909e+002	  9.5103789e+000	
  9.5103789e+000	  5.1694909e+002	  9.2023384e+000	
  9.2023384e+000	  5.1694909e+002	  8.6563916e+000	
  8.6563916e+000	  5.1694909e+002	  8.1875355e+000	
  8.1875355e+000	  5.1694909e+002	  7.9541166e+000	
  7.9541166e+000	  5.1863558e+002	  8.0418517e+000	
  8.0418517e+000	  5.1863558e+002	  8.1358716e+000	
  8.1358716e+000	  5.1438991e+002	  7.6673272e+000	
  7.6673272e+000	  5.1438991e+002	  7.4637870e+000	
  7.4637870e+000	  5.1438991e+002	  7.3388961e+000	
  7.3388961e+000	  5.1438991e+002	  7.2517828e+000	
  7.2517828e+000	  5.1438991e+002	  7.1867843e+000	
  7.1867843e+000	  5.1438991e+002	  7.1362319e+000	
  7.1362319e+000	  5.1438991e+002	  7.0957982e+000	
  7.0957982e+000	  5.1438991e+002	  7.0628025e+000	
  7.0628025e+000	  5.1438991e+002	  7.0354697e+000	
  7.0354697e+000	  5.1438991e+002	  7.0125646e+000	
  7.0125646e+000	  5.1438991e+002	  6.9931941e+000	
  6.9931941e+000	  5.1438991e+002	  6.9766918e+000	
  6.9766918e+000	  5.1438991e+002	  6.9625486e+000	
  6.9625486e+000	  5.1438991e+002	  6.9503670e+000	
  6.9503670e+000	  5.1438991e+002	  6.9398312e+000	
  6.9398312e+000	  5.1438991e+002	  6.9306873e+000	
  6.9306873e+000	  5.1438991e+002	  6.9227277e+000	
  6.9227277e+000	  5.2093357e+002	  7.0166618e+000	
  7.0166618e+000	  5.2093357e+002	  7.1212175e+000	
  7.1212175e+000	  5.2093357e+002	  7.2410698e+000	
  7.2410698e+000	  5.2093357e+002	  7.3846240e+000	
  7.3846240e+000	  5.1852320e+002	  7.4420370e+000	
  7.4420370e+000	  5.1852320e+002	  7.5001539e+000	
  7.5001539e+000	  5.1852320e+002	  7.5590699e+000	
  7.5590699e+000	  5.1852320e+002	  7.6188920e+000	
  7.6188920e+000	  5.1852320e+002	  7.6797398e+000	
  7.6797398e+000	  5.1852320e+002	  7.7417453e+000	
  7.7417453e+000	  5.1852320e+002	  7.8050512e+000	
  7.8050512e+000	  5.1852320e+002	  7.8698068e+000	
  7.8698068e+000	  5.1852320e+002	  7.9361588e+000	
  7.9361588e+000	  5.1852320e+002	  8.0042353e+000	
  8.0042353e+000	  5.1852320e+002	  8.0741167e+000	
  8.0741167e+000	  5.1852320e+002	  8.1457894e+000	
  8.1457894e+000	  5.1852320e+002	  8.2190751e+000	
  8.2190751e+000	  5.1852320e+002	  8.2935398e+000	
  8.2935398e+000	  5.1852320e+002	  8.3683977e+000	
  8.3683977e+000	  5.1852320e+002	  8.4424645e+000	
  8.4424645e+000	  5.1852320e+002	  8.5142293e+000	
  8.5142293e+000	  5.2342177e+002	  9.6440881e+000	
  9.6440881e+000	  5.2342177e+002	  9.9351969e+000	
  9.9351969e+000	  5.2342177e+002	  1.0091939e+001	
  1.0091939e+001	  5.2342177e+002	  1.0195313e+001	
  1.0195313e+001	  5.2342177e+002	  1.0270049e+001	
  1.0270049e+001	  5.2342177e+002	  1.0327001e+001	
  1.0327001e+001	  5.2342177e+002	  1.0371902e+001	
  1.0371902e+001	  5.2342177e+002	  1.0408150e+001	
  1.0408150e+001	  5.2342177e+002	  1.0437924e+001	
  1.0437924e+001	  5.2342177e+002	  1.0462705e+001	
  1.0462705e+001	  5.2342177e+002	  1.0483542e+001	
  1.0483542e+001	  5.2342177e+002	  1.0501206e+001	
  1.0501206e+001	  5.2342177e+002	  1.0516281e+001	
  1.0516281e+001	  5.2342177e+002	  1.0529216e+001	
  1.0529216e+001	  5.2342177e+002	  1.0540364e+001	
  1.0540364e+001	  5.2342177e+002	  1.0550010e+001	
  1.0550010e+001	  5.1926452e+002	  1.0508991e+001	
  1.0508991e+001	  5.1926452e+002	  1.0469061e+001	
  1.0469061e+001	  5.1926452e+002	  1.0430290e+001	
  1.0430290e+001	  5.1926452e+002	  1.0392749e+001	
  1.0392749e+001	  5.1926452e+002	  1.0356504e+001	
  1.0356504e+001	  5.1926452e+002	  1.0321619e+001	
  1.0321619e+001	  5.1926452e+002	  1.0288149e+001	
  1.0288149e+001	  5.1926452e+002	  1.0256144e+001	
  1.0256144e+001	  5.1926452e+002	  1.0225644e+001	
  1.0225644e+001	  5.1926452e+002	  1.0196681e+001	
  1.0196681e+001	  5.1926452e+002	  1.0169275e+001	
  1.0169275e+001	  5.1926452e+002	  1.0143436e+001	
  1.0143436e+001	  5.1926452e+002	  1.0119162e+001	
  1.0119162e+001	  5.2453071e+002	  1.0241248e+001	
  1.0241248e+001	  5.2453071e+002	  1.0326608e+001	
  1.0326608e+001	  5.2453071e+002	  1.0390360e+001	
  1.0390360e+001	  5.2453071e+002	  1.0439954e+001	
  1.0439954e+001	  5.2453071e+002	  1.0479611e+001	
  1.0479611e+001	  5.2453071e+002	  1.0511955e+001	
  1.0511955e+001	  5.2453071e+002	  1.0538727e+001	
  1.0538727e+001	  5.2453071e+002	  1.0561141e+001	
  1.0561141e+001	  5.2453071e+002	  1.0580077e+001	
  1.0580077e+001	  5.2453071e+002	  1.0596190e+001	
  1.0596190e+001	  5.2453071e+002	  1.0609982e+001	
  1.0609982e+001	  5.2453071e+002	  1.0621846e+001	
  1.0621846e+001	  5.2453071e+002	  1.0632093e+001	
  1.0632093e+001	  5.2453071e+002	  1.0640973e+001	
  1.0640973e+001	  5.2435065e+002	  1.0647049e+001	
  1.0647049e+001	  5.2435065e+002	  1.0652363e+001	
  1.0652363e+001	  5.2435065e+002	  1.0657017e+001	
  1.0657017e+001	  5.2142494e+002	  1.0634414e+001	
  1.0634414e+001	  5.2142494e+002	  1.0613344e+001	
  1.0613344e+001	  5.2142494e+002	  1.0593771e+001	
  1.0593771e+001	  5.2142494e+002	  1.0575650e+001	
  1.0575650e+001	  5.2142494e+002	  1.0558928e+001	
  1.0558928e+001	  5.2142494e+002	  1.0543547e+001	
  1.0543547e+001	  5.1837079e+002	  1.0491124e+001	
  1.0491124e+001	  5.1837079e+002	  1.0438659e+001	
  1.0438659e+001	  5.1837079e+002	  1.0386146e+001	
  1.0386146e+001	  5.1837079e+002	  1.0333580e+001	
  1.0333580e+001	  5.1837079e+002	  1.0280956e+001	
  1.0280956e+001	  5.1837079e+002	  1.0228269e+001	
  1.0228269e+001	  5.1837079e+002	  1.0175513e+001	
  1.0175513e+001	  5.1837079e+002	  1.0122683e+001	
  1.0122683e+001	  5.1837079e+002	  1.0069771e+001	
  1.0069771e+001	  5.1837079e+002	  1.0016774e+001	
  1.0016774e+001	  5.1837079e+002	  9.9636873e+000	
  9.9636873e+000	  5.1837079e+002	  9.9105070e+000	
  9.9105070e+000	  5.1837079e+002	  9.8572323e+000	
  9.8572323e+000	  5.1837079e+002	  9.8038652e+000	
  9.8038652e+000	  5.1837079e+002	  9.7504120e+000	
  9.7504120e+000	  5.1836852e+002	  9.6967002e+000	
  9.6967002e+000	  5.1836852e+002	  9.6429110e+000	
  9.6429110e+000	  5.1836852e+002	  9.5890734e+000	
  9.5890734e+000	  5.1804095e+002	  9.4952596e+000	
  9.4952596e+000	  5.1804095e+002	  9.3920736e+000	
  9.3920736e+000	  5.1804095e+002	  9.2767629e+000	
  9.2767629e+000	  5.1804095e+002	  9.1461013e+000	
  9.1461013e+000	  5.1804095e+002	  8.9978607e+000	
  8.9978607e+000	  5.1804095e+002	  8.8355293e+000	
  8.8355293e+000	  5.1804095e+002	  8.6740198e+000	
  8.6740198e+000	  5.1804095e+002	  8.5324947e+000	
  8.5324947e+000	  5.1804095e+002	  8.4188293e+000	
  8.4188293e+000	  5.1804095e+002	  8.3300759e+000	
  8.3300759e+000	  5.1804095e+002	  8.2604817e+000	
  8.2604817e+000	  5.1804095e+002	  8.2051088e+000	
  8.2051088e+000	  5.1804095e+002	  8.1603502e+000	
  8.1603502e+000	  5.1804095e+002	  8.1236546e+000	
  8.1236546e+000	  5.1804095e+002	  8.0932055e+000	
  8.0932055e+000	  5.1804095e+002	  8.0676851e+000	
  8.0676851e+000	  5.1804095e+002	  8.0461169e+000	
  8.0461169e+000	  5.1804095e+002	  8.0277622e+000	
  8.0277622e+000	  5.1792292e+002	  7.9931248e+000	
  7.9931248e+000	  5.1792292e+002	  7.9643975e+000	
  7.9643975e+000	  5.1792292e+002	  7.9403172e+000	
  7.9403172e+000	  5.1792292e+002	  7.9199574e+000	
  7.9199574e+000	  5.1792292e+002	  7.9026214e+000	
  7.9026214e+000	  5.1792292e+002	  7.8877736e+000	
  7.8877736e+000	  5.1792292e+002	  7.8749949e+000	
  7.8749949e+000	  5.1792292e+002	  7.8639517e+000	
  7.8639517e+000	  5.1792292e+002	  7.8543752e+000	
  7.8543752e+000	  5.1792292e+002	  7.8460461e+000	
  7.8460461e+000	  5.1792292e+002	  7.8387836e+000	
  7.8387836e+000	  5.1792292e+002	  7.8324372e+000	
  7.8324372e+000	  5.1792292e+002	  7.8268811e+000	
  7.8268811e+000	  5.1792292e+002	  7.8220089e+000	
  7.8220089e+000	  5.1792292e+002	  7.8177304e+000	
  7.8177304e+000	  5.1792292e+002	  7.8139687e+000	
  7.8139687e+000	  5.1890722e+002	  7.9286922e+000	
  7.9286922e+000	  5.1890722e+002	  8.0616359e+000	
  8.0616359e+000	  5.1890722e+002	  8.2205506e+000	
  8.2205506e+000	  5.1890722e+002	  8.4140151e+000	
  8.4140151e+000	  5.1890722e+002	  8.6370534e+000	
  8.6370534e+000	  5.1890722e+002	  8.8493089e+000	
  8.8493089e+000	  5.1890722e+002	  9.0144764e+000	
  9.0144764e+000	  5.1890722e+002	  9.1348667e+000	
  9.1348667e+000	  5.1890722e+002	  9.2239615e+000	
  9.2239615e+000	  5.1890722e+002	  9.2919688e+000	
  9.2919688e+000	  5.1890722e+002	  9.3453511e+000	
  9.3453511e+000	  5.1890722e+002	  9.3882003e+000	
  9.3882003e+000	  5.1890722e+002	  9.4232018e+000	
  9.4232018e+000	  5.1890722e+002	  9.4521892e+000	
  9.4521892e+000	  5.1890722e+002	  9.4764607e+000	
  9.4764607e+000	  5.1890722e+002	  9.4969639e+000	
  9.4969639e+000	  5.1859256e+002	  9.4742072e+000	
  9.4742072e+000	  5.1859256e+002	  9.4530326e+000	
  9.4530326e+000	  5.1859256e+002	  9.4334020e+000	
  9.4334020e+000	  5.1859256e+002	  9.4152670e+000	
  9.4152670e+000	  5.1859256e+002	  9.3985701e+000	
  9.3985701e+000	  5.1859256e+002	  9.3832466e+000	
  9.3832466e+000	  5.1859256e+002	  9.3692260e+000	
  9.3692260e+000	  5.1859256e+002	  9.3564339e+000	
  9.3564339e+000	  5.1859256e+002	  9.3447936e+000	
  9.3447936e+000	  5.1859256e+002	  9.3342272e+000	
  9.3342272e+000	  5.1859256e+002	  9.3246573e+000	
  9.3246573e+000	  5.1859256e+002	  9.3160080e+000	
  9.3160080e+000	  5.1859256e+002	  9.3082055e+000	
  9.3082055e+000	  5.1859256e+002	  9.3011790e+000	
  9.3011790e+000	  5.1859256e+002	  9.2948614e+000	
  9.2948614e+000	  5.1859256e+002	  9.2891891e+000	
  9.2891891e+000	  5.1859256e+002	  9.2841029e+000	
  9.2841029e+000	  5.1711266e+002	  8.8582592e+000	
  8.8582592e+000	  5.1711266e+002	  8.3505983e+000	
  8.3505983e+000	  5.1711266e+002	  8.0683834e+000	
  8.0683834e+000	  5.1711266e+002	  7.9064702e+000	
  7.9064702e+000	  5.1711266e+002	  7.7989475e+000	
  7.7989475e+000	  5.1711266e+002	  7.7212283e+000	
  7.7212283e+000	  5.1711266e+002	  7.6620771e+000	
  7.6620771e+000	  5.1711266e+002	  7.6154967e+000	
  7.6154967e+000	  5.1711266e+002	  7.5779262e+000	
  7.5779262e+000	  5.1711266e+002	  7.5470840e+000	
  7.5470840e+000	  5.1711266e+002	  7.5214233e+000	
  7.5214233e+000	  5.1711266e+002	  7.4998488e+000	
  7.4998488e+000	  5.1711266e+002	  7.4815577e+000	
  7.4815577e+000	  5.1711266e+002	  7.4659450e+000	
  7.4659450e+000	  5.1711266e+002	  7.4525440e+000	
  7.4525440e+000	  5.1711266e+002	  7.4409883e+000	
  7.4409883e+000	  5.1711266e+002	  7.4309850e+000	
  7.4309850e+000	  5.1711266e+002	  7.4222972e+000	
  7.4222972e+000	  5.1711266e+002	  7.4147309e+000	
  7.4147309e+000	  5.1711266e+002	  7.4081256e+000	
  7.4081256e+000	  5.1711266e+002	  7.4023476e+000	
  7.4023476e+000	  5.1711266e+002	  7.3972841e+000	
  7.3972841e+000	  5.1967712e+002	  7.5130322e+000	
  7.5130322e+000	  5.1967712e+002	  7.6497712e+000	
  7.6497712e+000	  5.1967712e+002	  7.8212101e+000	
  7.8212101e+000	  5.1967712e+002	  8.0588103e+000	
  8.0588103e+000	  5.1967712e+002	  8.4453261e+000	
  8.4453261e+000	  5.1967712e+002	  8.9688913e+000	
  8.9688913e+000	  5.1846272e+002	  8.9630163e+000	
  8.9630163e+000	  5.1846272e+002	  8.9577684e+000	
  8.9577684e+000	  5.1846272e+002	  8.9530846e+000	
  8.9530846e+000	  5.1855260e+002	  8.9798319e+000	
  8.9798319e+000	  5.1855260e+002	  9.0027933e+000	
  9.0027933e+000	  5.1855260e+002	  9.0225616e+000	
  9.0225616e+000	  5.1855260e+002	  9.0396303e+000	
  9.0396303e+000	  5.1855260e+002	  9.0544096e+000	
  9.0544096e+000	  5.1855260e+002	  9.0672398e+000	
  9.0672398e+000	  5.1614152e+002	  8.2307706e+000	
  8.2307706e+000	  5.1614152e+002	  7.8686526e+000	
  7.8686526e+000	  5.1614152e+002	  7.6868095e+000	
  7.6868095e+000	  5.1614152e+002	  7.5709322e+000	
  7.5709322e+000	  5.1614152e+002	  7.4887219e+000	
  7.4887219e+000	  5.1614152e+002	  7.4267956e+000	
  7.4267956e+000	  5.1614152e+002	  7.3783431e+000	
  7.3783431e+000	  5.1614152e+002	  7.3394314e+000	
  7.3394314e+000	  5.2072675e+002	  7.4984111e+000	
  7.4984111e+000	  5.2072675e+002	  7.7133399e+000	
  7.7133399e+000	  5.2072675e+002	  8.0676349e+000	
  8.0676349e+000	  5.2072675e+002	  8.8760667e+000	
  8.8760667e+000	  5.2072675e+002	  9.4249470e+000	
  9.4249470e+000	  5.2072675e+002	  9.6554513e+000	
  9.6554513e+000	  5.2072675e+002	  9.7919745e+000	
  9.7919745e+000	  5.2072675e+002	  9.8854025e+000	
  9.8854025e+000	  5.2072675e+002	  9.9542892e+000	
  9.9542892e+000	  5.2072675e+002	  1.0007429e+001	
  1.0007429e+001	  5.2072675e+002	  1.0049676e+001	
  1.0049676e+001	  5.2072675e+002	  1.0083988e+001	
  1.0083988e+001	  5.1499216e+002	  9.8792159e+000	
  9.8792159e+000	  5.1499216e+002	  9.5501367e+000	
  9.5501367e+000	  5.1499216e+002	  8.6421460e+000	
  8.6421460e+000	  5.1499216e+002	  7.8614002e+000	
  7.8614002e+000	  5.1499216e+002	  7.5997284e+000	
  7.5997284e+000	  5.1499216e+002	  7.4521625e+000	
  7.4521625e+000	  5.1499216e+002	  7.3530874e+000	
  7.3530874e+000	  5.1499216e+002	  7.2807514e+000	
  7.2807514e+000	  5.1499216e+002	  7.2252723e+000	
  7.2252723e+000	  5.1499216e+002	  7.1813262e+000	
  7.1813262e+000	  5.1499216e+002	  7.1457177e+000	
  7.1457177e+000	  5.1499216e+002	  7.1163790e+000	
  7.1163790e+000	  5.1499216e+002	  7.0918965e+000	
  7.0918965e+000	  5.1499216e+002	  7.0712616e+000	
  7.0712616e+000	  5.1729640e+002	  7.0995304e+000	
  7.0995304e+000	  5.1729640e+002	  7.1262465e+000	
  7.1262465e+000	  5.1729640e+002	  7.1514049e+000	
  7.1514049e+000	  5.1729640e+002	  7.1750118e+000	
  7.1750118e+000	  5.1729640e+002	  7.1970844e+000	
  7.1970844e+000	  5.1729640e+002	  7.2176504e+000	
  7.2176504e+000	  5.1729640e+002	  7.2367469e+000	
  7.2367469e+000	  5.1729640e+002	  7.2544202e+000	
  7.2544202e+000	  5.1729640e+002	  7.2707238e+000	
  7.2707238e+000	  5.1729640e+002	  7.2857177e+000	
  7.2857177e+000	  5.1729640e+002	  7.2994665e+000	
  7.2994665e+000	  5.1729640e+002	  7.3120386e+000	
  7.3120386e+000	  5.1729640e+002	  7.3235046e+000	
  7.3235046e+000	  5.1729640e+002	  7.3339362e+000	
  7.3339362e+000	  5.1729640e+002	  7.3434048e+000	
  7.3434048e+000	  5.1729640e+002	  7.3519812e+000	
  7.3519812e+000	  5.1729640e+002	  7.3597341e+000	
  7.3597341e+000	  5.1729640e+002	  7.3667299e+000	
  7.3667299e+000	  5.1729640e+002	  7.3730320e+000	
  7.3730320e+000	  5.1729640e+002	  7.3787005e+000	
  7.3787005e+000	  5.1729640e+002	  7.3837922e+000	
  7.3837922e+000	  5.1857340e+002	  7.4434996e+000	
  7.4434996e+000	  5.1857340e+002	  7.5042811e+000	
  7.5042811e+000	  5.1857340e+002	  7.5663027e+000	
  7.5663027e+000	  5.1857340e+002	  7.6297582e+000	
  7.6297582e+000	  5.1857340e+002	  7.6948742e+000	
  7.6948742e+000	  5.1857340e+002	  7.7619142e+000	
  7.7619142e+000	  5.1857340e+002	  7.8311818e+000	
  7.8311818e+000	  5.1857340e+002	  7.9030199e+000	
  7.9030199e+000	  5.1857340e+002	  7.9778019e+000	
  7.9778019e+000	  5.1857340e+002	  8.0559033e+000	
  8.0559033e+000	  5.1857340e+002	  8.1376366e+000	
  8.1376366e+000	  5.1857340e+002	  8.2231212e+000	
  8.2231212e+000	  5.1857340e+002	  8.3120545e+000	
  8.3120545e+000	  5.1857340e+002	  8.4033884e+000	
  8.4033884e+000	  5.1857340e+002	  8.4950466e+000	
  8.4950466e+000	  5.1857340e+002	  8.5840079e+000	
  8.5840079e+000	  5.1857340e+002	  8.6670216e+000	
  8.6670216e+000	  5.1857340e+002	  8.7416387e+000	
  8.7416387e+000	  5.1857340e+002	  8.8067991e+000	
  8.8067991e+000	  5.1656891e+002	  8.1751888e+000	
  8.1751888e+000	  5.1656891e+002	  7.8960823e+000	
  7.8960823e+000	  5.1656891e+002	  7.7397629e+000	
  7.7397629e+000	  5.1656891e+002	  7.6358397e+000	
  7.6358397e+000	  5.1656891e+002	  7.5604876e+000	
  7.5604876e+000	  5.1656891e+002	  7.5029779e+000	
  7.5029779e+000	  5.1656891e+002	  7.4575881e+000	
  7.4575881e+000	  5.1656891e+002	  7.4209116e+000	
  7.4209116e+000	  5.1656891e+002	  7.3907594e+000	
  7.3907594e+000	  5.1656891e+002	  7.3656428e+000	
  7.3656428e+000	  5.1656891e+002	  7.3445048e+000	
  7.3445048e+000	  5.1656891e+002	  7.3265688e+000	
  7.3265688e+000	  5.1656891e+002	  7.3112483e+000	
  7.3112483e+000	  5.1656891e+002	  7.2980901e+000	
  7.2980901e+000	  5.1656891e+002	  7.2867377e+000	
  7.2867377e+000	  5.1656891e+002	  7.2769058e+000	
  7.2769058e+000	  5.1656891e+002	  7.2683634e+000	
  7.2683634e+000	  5.1656891e+002	  7.2609209e+000	
  7.2609209e+000	  5.1656891e+002	  7.2544216e+000	
  7.2544216e+000	  5.1658068e+002	  7.2490816e+000	
  7.2490816e+000	  5.1658068e+002	  7.2443974e+000	
  7.2443974e+000	  5.1658068e+002	  7.2402825e+000	
  7.2402825e+000	  5.1658068e+002	  7.2366635e+000	
  7.2366635e+000	  5.1658068e+002	  7.2334771e+000	
  7.2334771e+000	  5.1658068e+002	  7.2306690e+000	
  7.2306690e+000	  5.1658068e+002	  7.2281924e+000	
  7.2281924e+000	  5.1658068e+002	  7.2260064e+000	
  7.2260064e+000	  5.1658068e+002	  7.2240759e+000	
  7.2240759e+000	  5.1658068e+002	  7.2223699e+000	
  7.2223699e+000	  5.1658068e+002	  7.2208618e+000	
  7.2208618e+000	  5.1658068e+002	  7.2195278e+000	
  7.2195278e+000	  5.1658068e+002	  7.2183476e+000	
  7.2183476e+000	  5.1658068e+002	  7.2173029e+000	
  7.2173029e+000	  5.1658068e+002	  7.2163781e+000	
  7.2163781e+000	  5.1875794e+002	  7.2795131e+000	
  7.2795131e+000	  5.1875794e+002	  7.3443625e+000	
  7.3443625e+000	  5.1875794e+002	  7.4112504e+000	
  7.4112504e+000	  5.1875794e+002	  7.4805804e+000	
  7.4805804e+000	  5.1875794e+002	  7.5528623e+000	
  7.5528623e+000	  5.1875794e+002	  7.6287493e+000	
  7.6287493e+000	  5.1875794e+002	  7.7090915e+000	
  7.7090915e+000	  5.1875794e+002	  7.7950125e+000	
  7.7950125e+000	  5.1875794e+002	  7.8880174e+000	
  7.8880174e+000	  5.1875794e+002	  7.9901319e+000	
  7.9901319e+000	  5.1875794e+002	  8.1040265e+000	
  8.1040265e+000	  5.1837291e+002	  8.1432021e+000	
  8.1432021e+000	  5.1837291e+002	  8.1806754e+000	
  8.1806754e+000	  5.1837291e+002	  8.2163212e+000	
  8.2163212e+000	  5.1837291e+002	  8.2500332e+000	
  8.2500332e+000	  5.1837291e+002	  8.2817302e+000	
  8.2817302e+000	  5.1852067e+002	  8.3558067e+000	
  8.3558067e+000	  5.1852067e+002	  8.4292334e+000	
  8.4292334e+000	  5.1852067e+002	  8.5005885e+000	
  8.5005885e+000	  5.1790577e+002	  8.3507235e+000	
  8.3507235e+000	  5.1790577e+002	  8.2408594e+000	
  8.2408594e+000	  5.1790577e+002	  8.1586261e+000	
  8.1586261e+000	  5.1790577e+002	  8.0952311e+000	
  8.0952311e+000	  5.1790577e+002	  8.0450846e+000	
  8.0450846e+000	  5.1790577e+002	  8.0045944e+000	
  8.0045944e+000	  5.1790577e+002	  7.9713679e+000	
  7.9713679e+000	  5.1790577e+002	  7.9437505e+000	
  7.9437505e+000	  5.1790577e+002	  7.9205588e+000	
  7.9205588e+000	  5.1790577e+002	  7.9009210e+000	
  7.9009210e+000	  5.1790577e+002	  7.8841789e+000	
  7.8841789e+000	  5.1790577e+002	  7.8698248e+000	
  7.8698248e+000	  5.1790577e+002	  7.8574600e+000	
  7.8574600e+000	  5.1405854e+002	  7.5406168e+000	
  7.5406168e+000	  5.1405854e+002	  7.3753769e+000	
  7.3753769e+000	  5.1405854e+002	  7.2676754e+000	
  7.2676754e+000	  5.1405854e+002	  7.1902550e+000	
  7.1902550e+000	  5.1405854e+002	  7.1314390e+000	
  7.1314390e+000	  5.1405854e+002	  7.0851455e+000	
  7.0851455e+000	  5.1405854e+002	  7.0478041e+000	
  7.0478041e+000	  5.1911791e+002	  7.1151612e+000	
  7.1151612e+000	  5.1911791e+002	  7.1850961e+000	
  7.1850961e+000	  5.1911791e+002	  7.2581807e+000	
  7.2581807e+000	  5.1911791e+002	  7.3351673e+000	
  7.3351673e+000	  5.1911791e+002	  7.4170700e+000	
  7.4170700e+000	  5.1911791e+002	  7.5052986e+000	
  7.5052986e+000	  5.1911791e+002	  7.6018864e+000	
  7.6018864e+000	  5.1911791e+002	  7.7099024e+000	
  7.7099024e+000	  5.1911791e+002	  7.8342449e+000	
  7.8342449e+000	  5.1911791e+002	  7.9832492e+000	
  7.9832492e+000	  5.1830535e+002	  8.0152677e+000	
  8.0152677e+000	  5.1830535e+002	  8.0456020e+000	
  8.0456020e+000	  5.1830535e+002	  8.0742143e+000	
  8.0742143e+000	  5.1830535e+002	  8.1010836e+000	
  8.1010836e+000	  5.1830535e+002	  8.1262056e+000	
  8.1262056e+000	  5.1830535e+002	  8.1495932e+000	
  8.1495932e+000	  5.1830535e+002	  8.1712757e+000	
  8.1712757e+000	  5.1830535e+002	  8.1912974e+000	
  8.1912974e+000	  5.1830535e+002	  8.2097158e+000	
  8.2097158e+000	  5.1830535e+002	  8.2265992e+000	
  8.2265992e+000	  5.1830535e+002	  8.2420245e+000	
  8.2420245e+000	  5.1830535e+002	  8.2560747e+000	
  8.2560747e+000	  5.1830535e+002	  8.2688366e+000	
  8.2688366e+000	  5.1830535e+002	  8.2803989e+000	
  8.2803989e+000	  5.1843094e+002	  8.3271717e+000	
  8.3271717e+000	  5.1843094e+002	  8.3717913e+000	
  8.3717913e+000	  5.1843094e+002	  8.4139591e+000	
  8.4139591e+000	  5.1843094e+002	  8.4534316e+000	
  8.4534316e+000	  5.1843094e+002	  8.4900397e+000	
  8.4900397e+000	  5.1843094e+002	  8.5236982e+000	
  8.5236982e+000	  5.2039242e+002	  9.2217483e+000	
  9.2217483e+000	  5.2039242e+002	  9.5182777e+000	
  9.5182777e+000	  5.2039242e+002	  9.6800539e+000	
  9.6800539e+000	  5.2039242e+002	  9.7864890e+000	
  9.7864890e+000	  5.2039242e+002	  9.8632309e+000	
  9.8632309e+000	  5.2039242e+002	  9.9215918e+000	
  9.9215918e+000	  5.2039242e+002	  9.9675361e+000	
  9.9675361e+000	  5.2039242e+002	  1.0004588e+001	
  1.0004588e+001	  5.2039242e+002	  1.0035000e+001	
  1.0035000e+001	  5.2039242e+002	  1.0060299e+001	
  1.0060299e+001	  5.2039242e+002	  1.0081565e+001	
  1.0081565e+001	  5.2039242e+002	  1.0099590e+001	
  1.0099590e+001	  5.2039242e+002	  1.0114972e+001	
  1.0114972e+001	  5.2039242e+002	  1.0128170e+001	
  1.0128170e+001	  5.2039242e+002	  1.0139548e+001	
  1.0139548e+001	  5.2039242e+002	  1.0149393e+001	
  1.0149393e+001	  5.2489716e+002	  1.0269805e+001	
  1.0269805e+001	  5.2489716e+002	  1.0354233e+001	
  1.0354233e+001	  5.2489716e+002	  1.0417392e+001	
  1.0417392e+001	  5.2489716e+002	  1.0466576e+001	
  1.0466576e+001	  5.2489716e+002	  1.0505935e+001	
  1.0505935e+001	  5.2489716e+002	  1.0538052e+001	
  1.0538052e+001	  5.2489716e+002	  1.0564648e+001	
  1.0564648e+001	  5.2489716e+002	  1.0586920e+001	
  1.0586920e+001	  5.2489716e+002	  1.0605740e+001	
  1.0605740e+001	  5.2489716e+002	  1.0621757e+001	
  1.0621757e+001	  5.2489716e+002	  1.0635469e+001	
  1.0635469e+001	  5.2489716e+002	  1.0647265e+001	
  1.0647265e+001	  5.2489716e+002	  1.0657453e+001	
  1.0657453e+001	  5.2489716e+002	  1.0666284e+001	
  1.0666284e+001	  5.2489716e+002	  1.0673959e+001	
  1.0673959e+001	  5.2489716e+002	  1.0680647e+001	
  1.0680647e+001	  5.2489716e+002	  1.0686487e+001	
  1.0686487e+001	  5.1839913e+002	  1.0634428e+001	
  1.0634428e+001	  5.1839913e+002	  1.0582371e+001	
  1.0582371e+001	  5.1839913e+002	  1.0530318e+001	
  1.0530318e+001	  5.1839913e+002	  1.0478268e+001	
  1.0478268e+001	  5.1839913e+002	  1.0426223e+001	
  1.0426223e+001	  5.1839913e+002	  1.0374186e+001	
  1.0374186e+001	  5.1839913e+002	  1.0322157e+001	
  1.0322157e+001	  5.1839913e+002	  1.0270141e+001	
  1.0270141e+001	  5.1839913e+002	  1.0218140e+001	
  1.0218140e+001	  5.1839913e+002	  1.0166158e+001	
  1.0166158e+001	  5.1839913e+002	  1.0114203e+001	
  1.0114203e+001	  5.1839913e+002	  1.0062280e+001	
  1.0062280e+001	  5.1839913e+002	  1.0010399e+001	
  1.0010399e+001	  5.1839913e+002	  9.9585726e+000	
  9.9585726e+000	  5.1839913e+002	  9.9068152e+000	
  9.9068152e+000	  5.1839913e+002	  9.8551460e+000	
  9.8551460e+000	  5.1839913e+002	  9.8035890e+000	
  9.8035890e+000	  5.1839913e+002	  9.7521743e+000	
  9.7521743e+000	  5.1839913e+002	  9.7009400e+000	
  9.7009400e+000	  5.1419230e+002	  8.8860940e+000	
  8.8860940e+000	  5.1419230e+002	  7.8315683e+000	
  7.8315683e+000	  5.1419230e+002	  7.5367225e+000	
  7.5367225e+000	  5.1419230e+002	  7.3782737e+000	
  7.3782737e+000	  5.1419230e+002	  7.2738388e+000	
  7.2738388e+000	  5.1419230e+002	  7.1983273e+000	
  7.1983273e+000	  5.1419230e+002	  7.1407562e+000	
  7.1407562e+000	  5.1419230e+002	  7.0953340e+000	
  7.0953340e+000	  5.1419230e+002	  7.0586329e+000	
  7.0586329e+000	  5.1419230e+002	  7.0284566e+000	
  7.0284566e+000	  5.1419230e+002	  7.0033146e+000	
  7.0033146e+000	  5.1419230e+002	  6.9821495e+000	
  6.9821495e+000	  5.1419230e+002	  6.9641849e+000	
  6.9641849e+000	  5.1419230e+002	  6.9488349e+000	
  6.9488349e+000	  5.1419230e+002	  6.9356468e+000	
  6.9356468e+000	  5.1419230e+002	  6.9242644e+000	
  6.9242644e+000	  5.1419230e+002	  6.9144030e+000	
  6.9144030e+000	  5.1419230e+002	  6.9058316e+000	
  6.9058316e+000	  5.1419230e+002	  6.8983610e+000	
  6.8983610e+000	  5.1419230e+002	  6.8918346e+000	
  6.8918346e+000	  5.2245355e+002	  7.0078907e+000	
  7.0078907e+000	  5.2245355e+002	  7.1453562e+000	
  7.1453562e+000	  5.2245355e+002	  7.3190818e+000	
  7.3190818e+000	  5.2245355e+002	  7.5669884e+000	
  7.5669884e+000	  5.2245355e+002	  8.0521653e+000	
  8.0521653e+000	  5.2245355e+002	  9.3215101e+000	
  9.3215101e+000	  5.2245355e+002	  9.7494507e+000	
  9.7494507e+000	  5.2245355e+002	  9.9437616e+000	
  9.9437616e+000	  5.2245355e+002	  1.0064511e+001	
  1.0064511e+001	  5.2245355e+002	  1.0149206e+001	
  1.0149206e+001	  5.2245355e+002	  1.0212578e+001	
  1.0212578e+001	  5.2245355e+002	  1.0261938e+001	
  1.0261938e+001	  5.2245355e+002	  1.0301445e+001	
  1.0301445e+001	  5.2245355e+002	  1.0333691e+001	
  1.0333691e+001	  5.2245355e+002	  1.0360400e+001	
  1.0360400e+001	  5.1802821e+002	  1.0300883e+001	
  1.0300883e+001	  5.1802821e+002	  1.0240268e+001	
  1.0240268e+001	  5.1802821e+002	  1.0178367e+001	
  1.0178367e+001	  5.1852934e+002	  1.0130353e+001	
  1.0130353e+001	  5.1852934e+002	  1.0082827e+001	
  1.0082827e+001	  5.1852934e+002	  1.0035841e+001	
  1.0035841e+001	  5.1852934e+002	  9.9894557e+000	
  9.9894557e+000	  5.1852934e+002	  9.9437331e+000	
  9.9437331e+000	  5.1852934e+002	  9.8987415e+000	
  9.8987415e+000	  5.1852934e+002	  9.8545537e+000	
  9.8545537e+000	  5.1852934e+002	  9.8112462e+000	
  9.8112462e+000	  5.1852934e+002	  9.7688991e+000	
  9.7688991e+000	  5.1852934e+002	  9.7275956e+000	
  9.7275956e+000	  5.1852934e+002	  9.6874200e+000	
  9.6874200e+000	  5.1852934e+002	  9.6484571e+000	
  9.6484571e+000	  5.1852934e+002	  9.6107903e+000	
  9.6107903e+000	  5.1852934e+002	  9.5744998e+000	
  9.5744998e+000	  5.1852934e+002	  9.5396604e+000	
  9.5396604e+000	  5.1852934e+002	  9.5063398e+000	
  9.5063398e+000	  5.2062314e+002	  9.6921019e+000	
  9.6921019e+000	  5.2062314e+002	  9.8096934e+000	
  9.8096934e+000	  5.2062314e+002	  9.8928068e+000	
  9.8928068e+000	  5.2089019e+002	  9.9671483e+000	
  9.9671483e+000	  5.2089019e+002	  1.0023904e+001	
  1.0023904e+001	  5.2089019e+002	  1.0068706e+001	
  1.0068706e+001	  5.2089019e+002	  1.0104907e+001	
  1.0104907e+001	  5.2089019e+002	  1.0134666e+001	
  1.0134666e+001	  5.2089019e+002	  1.0159449e+001	
  1.0159449e+001	  5.2089019e+002	  1.0180300e+001	
  1.0180300e+001	  5.2089019e+002	  1.0197986e+001	
  1.0197986e+001	  5.2089019e+002	  1.0213087e+001	
  1.0213087e+001	  5.2089019e+002	  1.0226051e+001	
  1.0226051e+001	  5.2089019e+002	  1.0237230e+001	
  1.0237230e+001	  5.2089019e+002	  1.0246906e+001	
  1.0246906e+001	  5.1867270e+002	  1.0201973e+001	
  1.0201973e+001	  5.1867270e+002	  1.0157821e+001	
  1.0157821e+001	  5.1867270e+002	  1.0114520e+001	
  1.0114520e+001	  5.1867270e+002	  1.0072144e+001	
  1.0072144e+001	  5.1867270e+002	  1.0030765e+001	
  1.0030765e+001	  5.1867270e+002	  9.9904594e+000	
  9.9904594e+000	  5.1867270e+002	  9.9513020e+000	
  9.9513020e+000	  5.1867270e+002	  9.9133665e+000	
  9.9133665e+000	  5.1867270e+002	  9.8767241e+000	
  9.8767241e+000	  5.1867270e+002	  9.8414418e+000	
  9.8414418e+000	  5.1867270e+002	  9.8075808e+000	
  9.8075808e+000	  5.1867270e+002	  9.7751953e+000	
  9.7751953e+000	  5.1867270e+002	  9.7443306e+000	
  9.7443306e+000	  5.1867270e+002	  9.7150221e+000	
  9.7150221e+000	  5.1867270e+002	  9.6872943e+000	
  9.6872943e+000	  5.1867270e+002	  9.6611598e+000	
  9.6611598e+000	  5.1867270e+002	  9.6366193e+000	
  9.6366193e+000	  5.1731717e+002	  9.4560716e+000	
  9.4560716e+000	  5.1731717e+002	  9.2023351e+000	
  9.2023351e+000	  5.1731717e+002	  8.8067554e+000	
  8.8067554e+000	  5.1731717e+002	  8.3783612e+000	
  8.3783612e+000	  5.1731717e+002	  8.1233521e+000	
  8.1233521e+000	  5.1731717e+002	  7.9700069e+000	
  7.9700069e+000	  5.1731717e+002	  7.8663018e+000	
  7.8663018e+000	  5.1731717e+002	  7.7906778e+000	
  7.7906778e+000	  5.1731717e+002	  7.7328310e+000	
  7.7328310e+000	  5.1731717e+002	  7.6871322e+000	
  7.6871322e+000	  5.1731717e+002	  7.6501926e+000	
  7.6501926e+000	  5.1731717e+002	  7.6198211e+000	
  7.6198211e+000	  5.1731717e+002	  7.5945227e+000	
  7.5945227e+000	  5.1731717e+002	  7.5732341e+000	
  7.5732341e+000	  5.1731717e+002	  7.5551729e+000	
  7.5551729e+000	  5.1731717e+002	  7.5397479e+000	
  7.5397479e+000	  5.1731717e+002	  7.5265023e+000	
  7.5265023e+000	  5.1731717e+002	  7.5150765e+000	
  7.5150765e+000	  5.1731717e+002	  7.5051827e+000	
  7.5051827e+000	  5.1731717e+002	  7.4965880e+000	
  7.4965880e+000	  5.1731717e+002	  7.4891013e+000	
  7.4891013e+000	  5.1910330e+002	  7.5830938e+000	
  7.5830938e+000	  5.1910330e+002	  7.6875021e+000	
  7.6875021e+000	  5.1910330e+002	  7.8065759e+000	
  7.8065759e+000	  5.1910330e+002	  7.9473894e+000	
  7.9473894e+000	  5.1910330e+002	  8.1223953e+000	
  8.1223953e+000	  5.1837191e+002	  8.1605776e+000	
  8.1605776e+000	  5.1837191e+002	  8.1969922e+000	
  8.1969922e+000	  5.1837191e+002	  8.2315251e+000	
  8.2315251e+000	  5.1837191e+002	  8.2640842e+000	
  8.2640842e+000	  5.1837191e+002	  8.2946042e+000	
  8.2946042e+000	  5.1837191e+002	  8.3230496e+000	
  8.3230496e+000	  5.1837191e+002	  8.3494154e+000	
  8.3494154e+000	  5.1837191e+002	  8.3737266e+000	
  8.3737266e+000	  5.1386433e+002	  7.6896505e+000	
  7.6896505e+000	  5.1386433e+002	  7.4508121e+000	
  7.4508121e+000	  5.1386433e+002	  7.3119189e+000	
  7.3119189e+000	  5.1386433e+002	  7.2173439e+000	
  7.2173439e+000	  5.1386433e+002	  7.1477342e+000	
  7.1477342e+000	  5.1386433e+002	  7.0940660e+000	
  7.0940660e+000	  5.1386433e+002	  7.0513980e+000	
  7.0513980e+000	  5.1386433e+002	  7.0167310e+000	
  7.0167310e+000	  5.1386433e+002	  6.9881081e+000	
  6.9881081e+000	  5.1786340e+002	  7.0304563e+000	
  7.0304563e+000	  5.1786340e+002	  7.0718163e+000	
  7.0718163e+000	  5.1786340e+002	  7.1121162e+000	
  7.1121162e+000	  5.1786340e+002	  7.1512838e+000	
  7.1512838e+000	  5.1786340e+002	  7.1892487e+000	
  7.1892487e+000	  5.1786340e+002	  7.2259426e+000	
  7.2259426e+000	  5.1786340e+002	  7.2613014e+000	
  7.2613014e+000	  5.1786340e+002	  7.2952662e+000	
  7.2952662e+000	  5.1786340e+002	  7.3277849e+000	
  7.3277849e+000	  5.2123750e+002	  7.5101491e+000	
  7.5101491e+000	  5.2123750e+002	  7.7778929e+000	
  7.7778929e+000	  5.2123750e+002	  8.3360231e+000	
  8.3360231e+000	  5.2123750e+002	  9.2968551e+000	
  9.2968551e+000	  5.2123750e+002	  9.6410092e+000	
  9.6410092e+000	  5.2123750e+002	  9.8155660e+000	
  9.8155660e+000	  5.2123750e+002	  9.9277128e+000	
  9.9277128e+000	  5.2123750e+002	  1.0007645e+001	
  1.0007645e+001	  5.2123750e+002	  1.0068020e+001	
  1.0068020e+001	  5.2123750e+002	  1.0115340e+001	
  1.0115340e+001	  5.2123750e+002	  1.0153380e+001	
  1.0153380e+001	  5.2123750e+002	  1.0184532e+001	
  1.0184532e+001	  5.2123750e+002	  1.0210398e+001	
  1.0210398e+001	  5.2123750e+002	  1.0232111e+001	
  1.0232111e+001	  5.2123750e+002	  1.0250493e+001	
  1.0250493e+001	  5.2123750e+002	  1.0266164e+001	
  1.0266164e+001	  5.2123750e+002	  1.0279600e+001	
  1.0279600e+001	  5.2123750e+002	  1.0291174e+001	
  1.0291174e+001	  5.2123750e+002	  1.0301183e+001	
  1.0301183e+001	  5.2123750e+002	  1.0309867e+001	
  1.0309867e+001	  5.2123750e+002	  1.0317424e+001	
  1.0317424e+001	  5.2123750e+002	  1.0324015e+001	
  1.0324015e+001	  5.1800263e+002	  1.0263276e+001	
  1.0263276e+001	  5.1800263e+002	  1.0201229e+001	
  1.0201229e+001	  5.1800263e+002	  1.0137642e+001	
  1.0137642e+001	  5.1800263e+002	  1.0072232e+001	
  1.0072232e+001	  5.1800263e+002	  1.0004647e+001	
  1.0004647e+001	  5.1800263e+002	  9.9344454e+000	
  9.9344454e+000	  5.1800263e+002	  9.8610644e+000	
  9.8610644e+000	  5.1800263e+002	  9.7837741e+000	
  9.7837741e+000	  5.1800263e+002	  9.7016105e+000	
  9.7016105e+000	  5.1783090e+002	  9.5960876e+000	
  9.5960876e+000	  5.1783090e+002	  9.4757760e+000	
  9.4757760e+000	  5.1783090e+002	  9.3340431e+000	
  9.3340431e+000	  5.1783090e+002	  9.1605034e+000	
  9.1605034e+000	  5.1814393e+002	  9.0464354e+000	
  9.0464354e+000	  5.1814393e+002	  8.9253958e+000	
  8.9253958e+000	  5.1814393e+002	  8.8025261e+000	
  8.8025261e+000	  5.1814393e+002	  8.6859696e+000	
  8.6859696e+000	  5.1814393e+002	  8.5829143e+000	
  8.5829143e+000	  5.1814393e+002	  8.4962061e+000	
  8.4962061e+000	  5.1814393e+002	  8.4249358e+000	
  8.4249358e+000	  5.1814393e+002	  8.3666565e+000	
  8.3666565e+000	  5.1814393e+002	  8.3188131e+000	
  8.3188131e+000	  5.1814393e+002	  8.2792451e+000	
  8.2792451e+000	  5.1814393e+002	  8.2462524e+000	
  8.2462524e+000	  5.1814393e+002	  8.2185266e+000	
  8.2185266e+000	  5.1814393e+002	  8.1950624e+000	
  8.1950624e+000	  5.1814393e+002	  8.1750820e+000	
  8.1750820e+000	  5.1814393e+002	  8.1579767e+000	
  8.1579767e+000	  5.1814393e+002	  8.1432652e+000	
  8.1432652e+000	  5.1814393e+002	  8.1305620e+000	
  8.1305620e+000	  5.1814393e+002	  8.1195553e+000	
  8.1195553e+000	  5.1814393e+002	  8.1099902e+000	
  8.1099902e+000	  5.1814393e+002	  8.1016566e+000	
  8.1016566e+000	  5.1744742e+002	  7.9752168e+000	
  7.9752168e+000	  5.1744742e+002	  7.8859385e+000	
  7.8859385e+000	  5.1744742e+002	  7.8191289e+000	
  7.8191289e+000	  5.1744742e+002	  7.7671594e+000	
  7.7671594e+000	  5.1744742e+002	  7.7256240e+000	
  7.7256240e+000	  5.1744742e+002	  7.6917653e+000	
  7.6917653e+000	  5.1744742e+002	  7.6637496e+000	
  7.6637496e+000	  5.1744742e+002	  7.6402987e+000	
  7.6402987e+000	  5.1744742e+002	  7.6204877e+000	
  7.6204877e+000	  5.1744742e+002	  7.6036274e+000	
  7.6036274e+000	  5.1744742e+002	  7.5891912e+000	
  7.5891912e+000	  5.1744742e+002	  7.5767685e+000	
  7.5767685e+000	  5.1744742e+002	  7.5660336e+000	
  7.5660336e+000	  5.1652866e+002	  7.5051512e+000	
  7.5051512e+000	  5.1652866e+002	  7.4574094e+000	
  7.4574094e+000	  5.1652866e+002	  7.4190107e+000	
  7.4190107e+000	  5.1652866e+002	  7.3875513e+000	
  7.3875513e+000	  5.1652866e+002	  7.3614153e+000	
  7.3614153e+000	  5.1652866e+002	  7.3394653e+000	
  7.3394653e+000	  5.1652866e+002	  7.3208715e+000	
  7.3208715e+000	  5.1652866e+002	  7.3050108e+000	
  7.3050108e+000	  5.1652866e+002	  7.2914040e+000	
  7.2914040e+000	  5.1652866e+002	  7.2796756e+000	
  7.2796756e+000	  5.1652866e+002	  7.2695261e+000	
  7.2695261e+000	  5.1652866e+002	  7.2607136e+000	
  7.2607136e+000	  5.1652866e+002	  7.2530402e+000	
  7.2530402e+000	  5.1652866e+002	  7.2463425e+000	
  7.2463425e+000	  5.1652866e+002	  7.2404842e+000	
  7.2404842e+000	  5.1652866e+002	  7.2353509e+000	
  7.2353509e+000	  5.1652866e+002	  7.2308460e+000	
  7.2308460e+000	  5.2030180e+002	  7.3480379e+000	
  7.3480379e+000	  5.2030180e+002	  7.4872613e+000	
  7.4872613e+000	  5.2030180e+002	  7.6638187e+000	
  7.6638187e+000	  5.2030180e+002	  7.9159962e+000	
  7.9159962e+000	  5.2030180e+002	  8.3796264e+000	
  8.3796264e+000	  5.2030180e+002	  9.1084652e+000	
  9.1084652e+000	  5.2030180e+002	  9.4542926e+000	
  9.4542926e+000	  5.2030180e+002	  9.6330952e+000	
  9.6330952e+000	  5.2030180e+002	  9.7477657e+000	
  9.7477657e+000	  5.2030180e+002	  9.8293019e+000	
  9.8293019e+000	  5.1967767e+002	  9.8568297e+000	
  9.8568297e+000	  5.1967767e+002	  9.8798745e+000	
  9.8798745e+000	  5.1967767e+002	  9.8993433e+000	
  9.8993433e+000	  5.1967767e+002	  9.9159124e+000	
  9.9159124e+000	  5.1967767e+002	  9.9300985e+000	
  9.9300985e+000	  5.1967767e+002	  9.9423050e+000	
  9.9423050e+000	  5.1967767e+002	  9.9528517e+000	
  9.9528517e+000	  5.1967767e+002	  9.9619961e+000	
  9.9619961e+000	  5.1967767e+002	  9.9699483e+000	
  9.9699483e+000	  5.1967767e+002	  9.9768812e+000	
  9.9768812e+000	  5.1967767e+002	  9.9829386e+000	
  9.9829386e+000	  5.1967767e+002	  9.9882408e+000	
  9.9882408e+000	  5.1967767e+002	  9.9928896e+000	
  9.9928896e+000	  5.1967767e+002	  9.9969710e+000	
  9.9969710e+000	  5.1967767e+002	  1.0000559e+001	
  1.0000559e+001	  5.1967767e+002	  1.0003716e+001	
  1.0003716e+001	  5.1967767e+002	  1.0006497e+001	
  1.0006497e+001	  5.1967767e+002	  1.0008948e+001	
  1.0008948e+001	  5.1967767e+002	  1.0011110e+001	
  1.0011110e+001	  5.2103544e+002	  1.0063644e+001	
  1.0063644e+001	  5.2103544e+002	  1.0105450e+001	
  1.0105450e+001	  5.2103544e+002	  1.0139431e+001	
  1.0139431e+001	  5.2103544e+002	  1.0167488e+001	
  1.0167488e+001	  5.2103544e+002	  1.0190934e+001	
  1.0190934e+001	  5.2103544e+002	  1.0210714e+001	
  1.0210714e+001	  5.2103544e+002	  1.0227529e+001	
  1.0227529e+001	  5.1695308e+002	  1.0134309e+001	
  1.0134309e+001	  5.1695308e+002	  1.0030666e+001	
  1.0030666e+001	  5.1695308e+002	  9.9121195e+000	
  9.9121195e+000	  5.1695308e+002	  9.7707544e+000	
  9.7707544e+000	  5.1695308e+002	  9.5906482e+000	
  9.5906482e+000	  5.1695308e+002	  9.3328068e+000	
  9.3328068e+000	  5.1695308e+002	  8.8842030e+000	
  8.8842030e+000	  5.1695308e+002	  8.3206863e+000	
  8.3206863e+000	  5.1695308e+002	  8.0248670e+000	
  8.0248670e+000	  5.1695308e+002	  7.8595365e+000	
  7.8595365e+000	  5.1695308e+002	  7.7506476e+000	
  7.7506476e+000	  5.1695308e+002	  7.6722249e+000	
  7.6722249e+000	  5.1695308e+002	  7.6126538e+000	
  7.6126538e+000	  5.1695308e+002	  7.5657978e+000	
  7.5657978e+000	  5.2070545e+002	  7.8118815e+000	
  7.8118815e+000	  5.2070545e+002	  8.2685287e+000	
  8.2685287e+000	  5.2070545e+002	  9.1276334e+000	
  9.1276334e+000	  5.2070545e+002	  9.5150694e+000	
  9.5150694e+000	  5.2070545e+002	  9.7038774e+000	
  9.7038774e+000	  5.1855581e+002	  9.6667143e+000	
  9.6667143e+000	  5.1855581e+002	  9.6309300e+000	
  9.6309300e+000	  5.1855581e+002	  9.5965938e+000	
  9.5965938e+000	  5.1855581e+002	  9.5637676e+000	
  9.5637676e+000	  5.1855581e+002	  9.5325038e+000	
  9.5325038e+000	  5.1855581e+002	  9.5028438e+000	
  9.5028438e+000	  5.1855581e+002	  9.4748168e+000	
  9.4748168e+000	  5.1855581e+002	  9.4484386e+000	
  9.4484386e+000	  5.1855581e+002	  9.4237111e+000	
  9.4237111e+000	  5.1855581e+002	  9.4006222e+000	
  9.4006222e+000	  5.1855581e+002	  9.3791467e+000	
  9.3791467e+000	  5.1855581e+002	  9.3592465e+000	
  9.3592465e+000	  5.1855581e+002	  9.3408727e+000	
  9.3408727e+000	  5.1855581e+002	  9.3239664e+000	
  9.3239664e+000	  5.1855581e+002	  9.3084612e+000	
  9.3084612e+000	  5.1855581e+002	  9.2942844e+000	
  9.2942844e+000	  5.1855581e+002	  9.2813592e+000	
  9.2813592e+000	  5.1855581e+002	  9.2696064e+000	
  9.2696064e+000	  5.1855581e+002	  9.2589458e+000	
  9.2589458e+000	  5.1855581e+002	  9.2492975e+000	
  9.2492975e+000	  5.1855581e+002	  9.2405834e+000	
  9.2405834e+000	  5.1855581e+002	  9.2327277e+000	
  9.2327277e+000	  5.1778092e+002	  9.0176437e+000	
  9.0176437e+000	  5.1778092e+002	  8.7529293e+000	
  8.7529293e+000	  5.1778092e+002	  8.4985154e+000	
  8.4985154e+000	  5.1778092e+002	  8.3118240e+000	
  8.3118240e+000	  5.1778092e+002	  8.1823790e+000	
  8.1823790e+000	  5.1778092e+002	  8.0891536e+000	
  8.0891536e+000	  5.1778092e+002	  8.0190226e+000	
  8.0190226e+000	  5.1778092e+002	  7.9644311e+000	
  7.9644311e+000	  5.1778092e+002	  7.9208352e+000	
  7.9208352e+000	  5.1864181e+002	  8.0073398e+000	
  8.0073398e+000	  5.1864181e+002	  8.1000521e+000	
  8.1000521e+000	  5.1864181e+002	  8.1999148e+000	
  8.1999148e+000	  5.1864181e+002	  8.3074122e+000	
  8.3074122e+000	  5.1864181e+002	  8.4216725e+000	
  8.4216725e+000	  5.1864181e+002	  8.5392041e+000	
  8.5392041e+000	  5.1864181e+002	  8.6535657e+000	
  8.6535657e+000	  5.1864181e+002	  8.7577166e+000	
  8.7577166e+000	  5.1864181e+002	  8.8474665e+000	
  8.8474665e+000	  5.1864181e+002	  8.9223373e+000	
  8.9223373e+000	  5.1864181e+002	  8.9840242e+000	
  8.9840242e+000	  5.1837766e+002	  8.9471953e+000	
  8.9471953e+000	  5.1837766e+002	  8.9131024e+000	
  8.9131024e+000	  5.1837766e+002	  8.8817871e+000	
  8.8817871e+000	  5.1837766e+002	  8.8532232e+000	
  8.8532232e+000	  5.1837766e+002	  8.8273265e+000	
  8.8273265e+000	  5.1837766e+002	  8.8039678e+000	
  8.8039678e+000	  5.1837766e+002	  8.7829872e+000	
  8.7829872e+000	  5.1577681e+002	  8.0124094e+000	
  8.0124094e+000	  5.1577681e+002	  7.7329286e+000	
  7.7329286e+000	  5.1577681e+002	  7.5784504e+000	
  7.5784504e+000	  5.1577681e+002	  7.4757929e+000	
  7.4757929e+000	  5.1577681e+002	  7.4012916e+000	
  7.4012916e+000	  5.1577681e+002	  7.3443765e+000	
  7.3443765e+000	  5.1577681e+002	  7.2994181e+000	
  7.2994181e+000	  5.1577681e+002	  7.2630642e+000	
  7.2630642e+000	  5.1577681e+002	  7.2331592e+000	
  7.2331592e+000	  5.1577681e+002	  7.2082356e+000	
  7.2082356e+000	  5.1577681e+002	  7.1872505e+000	
  7.1872505e+000	  5.1577681e+002	  7.1694373e+000	
  7.1694373e+000	  5.1496072e+002	  7.1352538e+000	
  7.1352538e+000	  5.1496072e+002	  7.1070079e+000	
  7.1070079e+000	  5.1496072e+002	  7.0833844e+000	
  7.0833844e+000	  5.1496072e+002	  7.0634380e+000	
  7.0634380e+000	  5.1496072e+002	  7.0464675e+000	
  7.0464675e+000	  5.1496072e+002	  7.0319388e+000	
  7.0319388e+000	  5.1496072e+002	  7.0194366e+000	
  7.0194366e+000	  5.1496072e+002	  7.0086323e+000	
  7.0086323e+000	  5.1496072e+002	  6.9992616e+000	
  6.9992616e+000	  5.1496072e+002	  6.9911095e+000	
  6.9911095e+000	  5.1496072e+002	  6.9839992e+000	
  6.9839992e+000	  5.1496072e+002	  6.9777836e+000	
  6.9777836e+000	  5.1496072e+002	  6.9723398e+000	
  6.9723398e+000	  5.1496072e+002	  6.9675640e+000	
  6.9675640e+000	  5.1496072e+002	  6.9633684e+000	
  6.9633684e+000	  5.1496072e+002	  6.9596777e+000	
  6.9596777e+000	  5.1496072e+002	  6.9564277e+000	
  6.9564277e+000	  5.1926453e+002	  7.0234584e+000	
  7.0234584e+000	  5.1926453e+002	  7.0929968e+000	
  7.0929968e+000	  5.1926453e+002	  7.1655969e+000	
  7.1655969e+000	  5.1926453e+002	  7.2419858e+000	
  7.2419858e+000	  5.1926453e+002	  7.3231430e+000	
  7.3231430e+000	  5.1788898e+002	  7.3553521e+000	
  7.3553521e+000	  5.1788898e+002	  7.3860618e+000	
  7.3860618e+000	  5.1788898e+002	  7.4152393e+000	
  7.4152393e+000	  5.1788898e+002	  7.4428619e+000	
  7.4428619e+000	  5.1788898e+002	  7.4689182e+000	
  7.4689182e+000	  5.1788898e+002	  7.4934080e+000	
  7.4934080e+000	  5.1839295e+002	  7.5446139e+000	
  7.5446139e+000	  5.1839295e+002	  7.5956466e+000	
  7.5956466e+000	  5.1839295e+002	  7.6464692e+000	
  7.6464692e+000	  5.1839295e+002	  7.6970369e+000	
  7.6970369e+000	  5.1839295e+002	  7.7472950e+000	
  7.7472950e+000	  5.1839295e+002	  7.7971776e+000	
  7.7971776e+000	  5.1839295e+002	  7.8466059e+000	
  7.8466059e+000	  5.1839295e+002	  7.8954860e+000	
  7.8954860e+000	  5.1839295e+002	  7.9437076e+000	
  7.9437076e+000	  5.1839295e+002	  7.9911430e+000	
  7.9911430e+000	  5.1859687e+002	  8.0742073e+000	
  8.0742073e+000	  5.1859687e+002	  8.1619778e+000	
  8.1619778e+000	  5.1859687e+002	  8.2546705e+000	
  8.2546705e+000	  5.1859687e+002	  8.3518585e+000	
  8.3518585e+000	  5.1859687e+002	  8.4519308e+000	
  8.4519308e+000	  5.1859687e+002	  8.5517037e+000	
  8.5517037e+000	  5.1859687e+002	  8.6468518e+000	
  8.6468518e+000	  5.1859687e+002	  8.7333768e+000	
  8.7333768e+000	  5.1859687e+002	  8.8090284e+000	
  8.8090284e+000	  5.1859687e+002	  8.8735241e+000	
  8.8735241e+000	  5.1859687e+002	  8.9278362e+000	
  8.9278362e+000	  5.1859687e+002	  8.9734123e+000	
  8.9734123e+000	  5.2467927e+002	  9.8163995e+000	
  9.8163995e+000	  5.2467927e+002	  1.0068424e+001	
  1.0068424e+001	  5.2467927e+002	  1.0211686e+001	
  1.0211686e+001	  5.2467927e+002	  1.0308272e+001	
  1.0308272e+001	  5.2467927e+002	  1.0378936e+001	
  1.0378936e+001	  5.2467927e+002	  1.0433184e+001	
  1.0433184e+001	  5.2467927e+002	  1.0476167e+001	
  1.0476167e+001	  5.2467927e+002	  1.0510990e+001	
  1.0510990e+001	  5.2467927e+002	  1.0539669e+001	
  1.0539669e+001	  5.2467927e+002	  1.0563585e+001	
  1.0563585e+001	  5.2467927e+002	  1.0583726e+001	
  1.0583726e+001	  5.2467927e+002	  1.0600821e+001	
  1.0600821e+001	  5.2467927e+002	  1.0615423e+001	
  1.0615423e+001	  5.2467927e+002	  1.0627962e+001	
  1.0627962e+001	  5.2467927e+002	  1.0638776e+001	
  1.0638776e+001	  5.1799425e+002	  1.0582442e+001	
  1.0582442e+001	  5.1799425e+002	  1.0525511e+001	
  1.0525511e+001	  5.1799425e+002	  1.0467892e+001	
  1.0467892e+001	  5.1799425e+002	  1.0409479e+001	
  1.0409479e+001	  5.1799425e+002	  1.0350146e+001	
  1.0350146e+001	  5.1799425e+002	  1.0289741e+001	
  1.0289741e+001	  5.1799425e+002	  1.0228085e+001	
  1.0228085e+001	  5.1799425e+002	  1.0164958e+001	
  1.0164958e+001	  5.1799425e+002	  1.0100092e+001	
  1.0100092e+001	  5.1842683e+002	  1.0049189e+001	
  1.0049189e+001	  5.1842683e+002	  9.9984546e+000	
  9.9984546e+000	  5.1842683e+002	  9.9479160e+000	
  9.9479160e+000	  5.1842683e+002	  9.8976043e+000	
  9.8976043e+000	  5.1842683e+002	  9.8475559e+000	
  9.8475559e+000	  5.1842683e+002	  9.7978133e+000	
  9.7978133e+000	  5.1842683e+002	  9.7484264e+000	
  9.7484264e+000	  5.1842683e+002	  9.6994527e+000	
  9.6994527e+000	  5.1842683e+002	  9.6509592e+000	
  9.6509592e+000	  5.1842683e+002	  9.6030231e+000	
  9.6030231e+000	  5.1842683e+002	  9.5557324e+000	
  9.5557324e+000	  5.1842683e+002	  9.5091873e+000	
  9.5091873e+000	  5.1842683e+002	  9.4634995e+000	
  9.4634995e+000	  5.1842683e+002	  9.4187927e+000	
  9.4187927e+000	  5.1842683e+002	  9.3752004e+000	
  9.3752004e+000	  5.1842683e+002	  9.3328645e+000	
  9.3328645e+000	  5.1851651e+002	  9.3092257e+000	
  9.3092257e+000	  5.1851651e+002	  9.2872568e+000	
  9.2872568e+000	  5.1851651e+002	  9.2669196e+000	
  9.2669196e+000	  5.1851651e+002	  9.2481636e+000	
  9.2481636e+000	  5.1851651e+002	  9.2309272e+000	
  9.2309272e+000	  5.1851651e+002	  9.2151402e+000	
  9.2151402e+000	  5.1851651e+002	  9.2007257e+000	
